0.000000 0.000000  -15.591740  -7.143323  -7.143323  -5.677358  -5.677358  -4.266168  -4.266168  -1.830294  -1.830294  -1.033991  -1.033991  -0.845527  -0.845527  6.328109  6.328109
0.006104 0.000000  -15.591876  -7.143731  -7.142561  -5.677113  -5.676732  -4.265814  -4.265787  -1.830348  -1.829885  -1.034834  -1.033800  -0.845990  -0.845500  6.327020  6.328326
0.012208 0.000000  -15.592230  -7.144928  -7.140303  -5.676378  -5.674881  -4.264698  -4.264644  -1.830457  -1.828688  -1.037311  -1.033202  -0.847405  -0.845446  6.323755  6.328925
0.018313 0.000000  -15.592856  -7.146915  -7.136493  -5.675126  -5.671807  -4.262875  -4.262685  -1.830702  -1.826702  -1.041447  -1.032222  -0.849772  -0.845337  6.318313  6.329905
0.024417 0.000000  -15.593754  -7.149690  -7.131214  -5.673412  -5.667507  -4.260290  -4.259991  -1.831001  -1.823926  -1.047215  -1.030834  -0.853065  -0.845201  6.310721  6.331320
0.030521 0.000000  -15.594869  -7.153255  -7.124384  -5.671181  -5.662011  -4.256971  -4.256481  -1.831409  -1.820389  -1.054617  -1.029093  -0.857255  -0.845010  6.301006  6.333088
0.036625 0.000000  -15.596230  -7.157636  -7.116058  -5.668460  -5.655317  -4.252889  -4.252209  -1.831872  -1.816144  -1.063651  -1.026970  -0.862344  -0.844766  6.289197  6.335265
0.042729 0.000000  -15.597835  -7.162779  -7.106207  -5.665249  -5.647425  -4.248045  -4.247147  -1.832443  -1.811219  -1.074236  -1.024521  -0.868303  -0.844439  6.275319  6.337850
0.048834 0.000000  -15.599686  -7.168684  -7.094833  -5.661521  -5.638391  -4.242440  -4.241297  -1.833096  -1.805640  -1.086426  -1.021691  -0.875106  -0.844031  6.259412  6.340789
0.054938 0.000000  -15.601754  -7.175350  -7.081935  -5.657276  -5.628214  -4.236045  -4.234658  -1.833831  -1.799463  -1.100141  -1.018562  -0.882698  -0.843568  6.241529  6.344136
0.061042 0.000000  -15.604067  -7.182779  -7.067540  -5.652568  -5.616949  -4.228889  -4.227202  -1.834620  -1.792770  -1.115379  -1.015134  -0.891079  -0.842970  6.221708  6.347837
0.067146 0.000000  -15.606597  -7.190942  -7.051622  -5.647317  -5.604568  -4.220916  -4.218957  -1.835491  -1.785586  -1.132086  -1.011433  -0.900140  -0.842235  6.200002  6.351891
0.073251 0.000000  -15.609346  -7.199867  -7.034180  -5.641575  -5.591126  -4.212127  -4.209896  -1.836416  -1.778021  -1.150236  -1.007460  -0.909881  -0.841391  6.176459  6.356299
0.079355 0.000000  -15.612312  -7.209473  -7.015241  -5.635317  -5.576677  -4.202549  -4.200018  -1.837423  -1.770157  -1.169801  -1.003297  -0.920222  -0.840357  6.151131  6.361061
0.085459 0.000000  -15.615495  -7.219813  -6.994778  -5.628514  -5.561248  -4.192154  -4.189297  -1.838484  -1.762048  -1.190726  -0.998943  -0.931079  -0.839106  6.124070  6.366177
0.091563 0.000000  -15.618869  -7.230834  -6.972792  -5.621221  -5.544840  -4.180916  -4.177759  -1.839600  -1.753831  -1.212985  -0.994453  -0.942371  -0.837636  6.095329  6.371592
0.097667 0.000000  -15.622434  -7.242507  -6.949336  -5.613412  -5.527534  -4.168834  -4.165378  -1.840797  -1.745613  -1.236522  -0.989855  -0.954018  -0.835895  6.064956  6.377306
0.103772 0.000000  -15.626189  -7.254861  -6.924329  -5.605058  -5.509357  -4.155909  -4.152154  -1.842021  -1.737504  -1.261284  -0.985229  -0.965909  -0.833854  6.033003  6.383320
0.109876 0.000000  -15.630107  -7.267813  -6.897853  -5.596214  -5.490336  -4.142140  -4.138058  -1.843300  -1.729694  -1.287216  -0.980576  -0.977963  -0.831487  5.999522  6.389605
0.115980 0.000000  -15.634189  -7.281419  -6.869880  -5.586799  -5.470527  -4.127501  -4.123092  -1.844634  -1.722293  -1.314237  -0.989991  -0.975977  -0.828684  5.964556  6.396163
0.122084 0.000000  -15.638434  -7.295569  -6.840410  -5.576867  -5.449955  -4.112018  -4.107228  -1.845994  -1.715490  -1.342291  -1.001909  -0.971487  -0.825473  5.928159  6.402939
0.128188 0.000000  -15.642842  -7.310317  -6.809471  -5.566418  -5.428676  -4.095664  -4.090494  -1.847409  -1.709531  -1.371326  -1.013555  -0.967133  -0.821772  5.890371  6.409932
0.134293 0.000000  -15.647359  -7.325609  -6.777090  -5.555425  -5.406771  -4.078466  -4.072861  -1.848851  -1.704579  -1.401176  -1.024739  -0.962997  -0.817555  5.851233  6.417143
0.140397 0.000000  -15.652012  -7.341392  -6.743212  -5.543915  -5.384241  -4.060398  -4.054303  -1.850348  -1.700960  -1.431761  -1.035351  -0.959106  -0.812793  5.810795  6.424490
0.146501 0.000000  -15.656774  -7.357664  -6.707920  -5.531860  -5.361139  -4.041487  -4.034847  -1.851872  -1.698946  -1.462863  -1.045147  -0.955487  -0.807459  5.769091  6.432000
0.152605 0.000000  -15.661645  -7.374426  -6.671212  -5.519289  -5.337519  -4.021731  -4.014439  -1.853423  -1.698919  -1.494265  -1.054018  -0.952167  -0.801500  5.726160  6.439619
0.158709 0.000000  -15.666570  -7.391596  -6.633062  -5.506146  -5.313410  -4.001133  -3.993105  -1.855001  -1.701422  -1.525558  -1.061746  -0.949147  -0.794969  5.682041  6.447320
0.164814 0.000000  -15.671577  -7.409202  -6.593525  -5.492513  -5.288893  -3.979718  -3.970847  -1.856634  -1.707082  -1.556224  -1.068195  -0.946480  -0.787840  5.636770  6.455102
0.170918 0.000000  -15.676638  -7.427161  -6.552599  -5.478336  -5.263968  -3.957459  -3.947609  -1.858266  -1.716742  -1.585476  -1.073256  -0.944113  -0.780112  5.590375  6.462912
0.177022 0.000000  -15.681727  -7.445447  -6.510341  -5.463642  -5.238716  -3.934439  -3.923445  -1.859954  -1.731436  -1.612361  -1.076794  -0.942018  -0.771813  5.542894  6.470694
0.183126 0.000000  -15.686815  -7.464086  -6.466749  -5.448404  -5.213165  -3.910602  -3.898302  -1.861695  -1.751871  -1.636170  -1.078807  -0.940222  -0.762996  5.494355  6.478477
0.189231 0.000000  -15.691931  -7.482998  -6.421823  -5.432676  -5.187342  -3.886003  -3.872180  -1.863437  -1.777912  -1.657014  -1.079243  -0.938698  -0.753690  5.444791  6.486177
0.195335 0.000000  -15.697019  -7.502154  -6.375646  -5.416431  -5.161301  -3.860642  -3.845132  -1.865232  -1.808579  -1.675735  -1.078100  -0.937392  -0.743894  5.394224  6.493796
0.201439 0.000000  -15.702081  -7.521556  -6.328190  -5.399669  -5.135097  -3.834574  -3.817078  -1.867028  -1.842729  -1.693477  -1.075488  -0.936276  -0.733663  5.342687  6.501279
0.207543 0.000000  -15.707087  -7.541121  -6.279510  -5.382418  -5.108729  -3.807799  -3.788098  -1.879301  -1.868906  -1.711082  -1.071460  -0.935351  -0.723023  5.290205  6.508599
0.213647 0.000000  -15.712013  -7.560876  -6.229632  -5.364649  -5.082226  -3.780343  -3.758138  -1.917614  -1.870783  -1.729041  -1.066154  -0.934589  -0.712030  5.236803  6.515728
0.219752 0.000000  -15.716829  -7.580767  -6.178584  -5.346417  -5.055641  -3.752234  -3.727254  -1.957260  -1.872715  -1.747654  -1.059678  -0.933936  -0.700683  5.182504  6.522640
0.225856 0.000000  -15.721536  -7.600767  -6.126421  -5.327723  -5.028974  -3.723526  -3.695417  -1.997886  -1.874702  -1.767001  -1.052168  -0.933365  -0.689010  5.127333  6.529280
0.231960 0.000000  -15.726108  -7.620822  -6.073169  -5.308540  -5.002253  -3.694220  -3.662655  -2.039301  -1.876715  -1.787082  -1.043760  -0.932902  -0.677091  5.071314  6.535620
0.238064 0.000000  -15.730489  -7.640931  -6.018883  -5.288893  -4.975504  -3.664397  -3.628995  -2.081397  -1.878784  -1.807872  -1.034562  -0.932494  -0.664874  5.014470  6.541633
0.244168 0.000000  -15.734707  -7.661067  -5.963590  -5.268812  -4.948729  -3.634056  -3.594437  -2.124009  -1.880879  -1.829287  -1.024739  -0.932140  -0.652465  4.956818  6.547293
0.250273 0.000000  -15.738734  -7.681176  -5.907345  -5.248294  -4.921953  -3.603253  -3.559008  -2.167057  -1.883028  -1.851219  -1.014372  -0.931813  -0.639812  4.898383  6.552572
0.256377 0.000000  -15.742516  -7.701285  -5.850202  -5.227342  -4.895123  -3.572070  -3.522736  -2.210458  -1.885260  -1.873586  -1.003596  -0.931487  -0.626996  4.839185  6.557443
0.262481 0.000000  -15.746026  -7.721312  -5.792215  -5.205981  -4.868293  -3.540532  -3.485620  -2.254159  -1.896226  -1.887518  -0.992494  -0.931188  -0.613989  4.779242  6.561851
0.268585 0.000000  -15.749292  -7.741258  -5.733467  -5.184240  -4.841408  -3.508695  -3.447743  -2.298105  -1.919083  -1.889831  -0.981120  -0.930834  -0.600846  4.718578  6.565797
0.274689 0.000000  -15.752258  -7.761067  -5.673983  -5.162090  -4.814470  -3.476641  -3.409076  -2.342187  -1.942022  -1.892199  -0.969610  -0.930480  -0.587567  4.657212  6.569253
0.280794 0.000000  -15.754897  -7.780768  -5.613902  -5.139614  -4.787449  -3.444477  -3.369701  -2.386378  -1.964934  -1.894620  -0.957990  -0.930099  -0.574179  4.595162  6.572191
0.286898 0.000000  -15.757210  -7.800305  -5.553275  -5.116757  -4.760265  -3.412232  -3.329647  -2.430595  -1.987682  -1.897124  -0.946344  -0.929637  -0.560683  4.532447  6.574586
0.293002 0.000000  -15.759169  -7.819680  -5.492187  -5.093573  -4.732918  -3.380042  -3.288912  -2.474813  -2.010158  -1.899654  -0.934725  -0.929147  -0.547104  4.469088  6.576409
0.299106 0.000000  -15.760748  -7.838836  -5.430799  -5.070090  -4.705272  -3.348014  -3.247578  -2.518922  -2.032281  -1.902267  -0.928575  -0.923160  -0.533472  4.405102  6.577688
0.305210 0.000000  -15.761945  -7.857775  -5.369220  -5.046280  -4.677299  -3.316286  -3.205701  -2.562868  -2.053859  -1.904933  -0.927922  -0.911705  -0.519757  4.340511  6.578341
0.311315 0.000000  -15.762734  -7.876469  -5.307587  -5.022226  -4.648863  -3.285048  -3.163279  -2.606569  -2.074812  -1.907627  -0.927215  -0.900412  -0.506016  4.275335  6.578423
0.317419 0.000000  -15.763115  -7.894918  -5.246118  -4.997899  -4.619802  -3.254463  -3.120394  -2.649889  -2.094948  -1.910403  -0.926399  -0.889310  -0.492247  4.209591  6.577851
0.323523 0.000000  -15.763060  -7.913068  -5.185029  -4.973327  -4.589979  -3.224776  -3.077102  -2.692692  -2.114159  -1.913205  -0.925501  -0.878398  -0.478451  4.143299  6.576708
0.329627 0.000000  -15.762598  -7.930945  -5.124539  -4.948565  -4.559149  -3.196367  -3.033428  -2.734787  -2.132227  -1.916035  -0.924494  -0.867732  -0.464655  4.076483  6.574912
0.335732 0.000000  -15.761700  -7.948524  -5.064974  -4.923586  -4.527067  -3.169646  -2.989455  -2.775849  -2.148962  -1.918920  -0.923378  -0.857337  -0.450859  4.009160  6.572491
0.341836 0.000000  -15.760367  -7.965775  -5.006661  -4.898470  -4.493461  -3.145292  -2.945210  -2.815359  -2.164200  -1.921831  -0.922154  -0.847187  -0.437090  3.941350  6.569443
0.347940 0.000000  -15.758598  -7.982701  -4.949980  -4.873164  -4.457951  -3.124367  -2.900801  -2.852529  -2.177696  -1.924743  -0.920820  -0.837364  -0.423349  3.873080  6.565770
0.354044 0.000000  -15.756421  -7.999272  -4.895341  -4.847776  -4.420209  -3.108557  -2.885781  -2.856257  -2.189179  -1.927654  -0.919351  -0.827840  -0.409634  3.804368  6.561497
0.360148 0.000000  -15.753809  -8.015463  -4.843150  -4.822279  -4.379855  -3.100530  -2.912693  -2.811658  -2.198458  -1.930539  -0.917745  -0.818643  -0.395974  3.735240  6.556599
0.366253 0.000000  -15.750761  -8.031327  -4.796701  -4.793735  -4.336617  -3.103551  -2.930244  -2.767087  -2.205261  -1.933369  -0.916031  -0.809772  -0.382369  3.665717  6.551130
0.372357 0.000000  -15.747332  -8.046783  -4.771095  -4.747394  -4.290250  -3.118816  -2.937427  -2.722597  -2.209370  -1.936144  -0.914181  -0.801255  -0.368845  3.595827  6.545062
0.378461 0.000000  -15.743523  -8.061885  -4.745462  -4.704265  -4.240644  -3.143823  -2.936938  -2.678297  -2.210540  -1.938838  -0.912167  -0.793065  -0.355376  3.525594  6.538450
0.384565 0.000000  -15.739360  -8.076579  -4.719830  -4.664346  -4.187855  -3.174789  -2.932693  -2.634243  -2.208635  -1.941342  -0.910045  -0.785228  -0.342015  3.455047  6.531293
0.390669 0.000000  -15.734815  -8.090864  -4.694279  -4.627503  -4.132045  -3.208993  -2.927495  -2.590596  -2.203547  -1.943682  -0.907759  -0.777772  -0.328736  3.384214  6.523592
0.396774 0.000000  -15.729972  -8.104769  -4.668755  -4.593543  -4.073541  -3.244803  -2.923006  -2.547439  -2.195275  -1.945723  -0.905337  -0.770670  -0.315566  3.313126  6.515429
0.402878 0.000000  -15.724802  -8.118239  -4.643340  -4.562142  -4.012643  -3.281375  -2.919958  -2.504909  -2.183873  -1.947437  -0.902752  -0.763922  -0.302477  3.241815  6.506803
0.408982 0.000000  -15.719360  -8.131327  -4.618088  -4.533053  -3.949677  -3.318191  -2.918734  -2.463140  -2.169506  -1.948689  -0.900004  -0.757554  -0.289552  3.170313  6.497742
0.415086 0.000000  -15.713672  -8.143980  -4.592972  -4.505951  -3.885051  -3.354899  -2.919441  -2.422378  -2.152363  -1.949342  -0.897092  -0.751541  -0.276736  3.098661  6.488273
0.421190 0.000000  -15.707768  -8.156225  -4.568047  -4.480618  -3.819009  -3.391361  -2.921972  -2.382813  -2.132717  -1.949233  -0.894045  -0.745908  -0.264056  3.026895  6.478449
0.427295 0.000000  -15.701645  -8.168035  -4.543339  -4.456808  -3.751907  -3.427416  -2.926217  -2.344745  -2.110866  -1.948090  -0.890807  -0.740656  -0.251538  2.955055  6.468300
0.433399 0.000000  -15.695359  -8.179436  -4.518904  -4.434359  -3.683934  -3.462926  -2.931958  -2.308527  -2.087111  -1.945668  -0.887405  -0.735731  -0.239157  2.883188  6.457851
0.439503 0.000000  -15.688910  -8.190402  -4.494740  -4.413134  -3.615362  -3.497865  -2.939006  -2.274540  -2.061723  -1.941559  -0.883813  -0.731187  -0.226967  2.811340  6.447157
0.445607 0.000000  -15.682380  -8.200960  -4.470931  -4.392944  -3.546410  -3.532124  -2.947115  -2.243302  -2.035002  -1.935328  -0.880058  -0.727024  -0.214912  2.739563  6.436272
0.451712 0.000000  -15.675740  -8.211110  -4.447448  -4.373760  -3.565648  -3.477212  -2.956094  -2.215356  -2.007192  -1.926484  -0.876113  -0.723187  -0.203076  2.667913  6.425197
0.457816 0.000000  -15.669074  -8.220851  -4.424373  -4.355447  -3.598410  -3.407987  -2.965781  -2.191111  -1.978566  -1.914675  -0.871949  -0.719731  -0.191402  2.596455  6.414041
0.463920 0.000000  -15.662353  -8.230158  -4.401733  -4.337950  -3.630356  -3.338844  -2.975958  -2.170866  -1.949342  -1.899573  -0.867623  -0.716602  -0.179946  2.525243  6.402776
0.470024 0.000000  -15.655631  -8.239056  -4.379556  -4.321243  -3.661431  -3.270000  -2.986543  -2.154676  -1.919709  -1.881260  -0.863079  -0.713826  -0.168708  2.454361  6.391510
0.476128 0.000000  -15.648938  -8.247573  -4.357869  -4.305270  -3.691608  -3.201592  -2.997346  -2.142240  -1.889831  -1.860035  -0.858317  -0.711404  -0.157688  2.383877  6.380245
0.482233 0.000000  -15.642325  -8.255681  -4.336699  -4.289977  -3.720859  -3.133755  -3.008312  -2.133070  -1.859899  -1.836443  -0.853364  -0.709309  -0.146912  2.313879  6.369061
0.488337 0.000000  -15.635740  -8.263382  -4.316127  -4.275365  -3.749132  -3.066653  -3.019278  -2.126540  -1.830076  -1.811110  -0.848167  -0.707513  -0.136382  2.244461  6.357986
0.494441 0.000000  -15.629291  -8.270702  -4.296127  -4.261406  -3.776397  -3.030217  -3.000448  -2.122077  -1.800470  -1.784633  -0.842752  -0.706044  -0.126096  2.175721  6.347075
0.500545 0.000000  -15.622951  -8.277641  -4.276807  -4.248100  -3.802628  -3.040993  -2.935305  -2.119220  -1.771191  -1.757559  -0.837092  -0.704874  -0.116109  2.107772  6.336326
0.506649 0.000000  -15.616774  -8.284171  -4.258168  -4.235392  -3.827799  -3.051605  -2.871414  -2.117506  -1.742402  -1.730320  -0.831214  -0.704003  -0.106395  2.040735  6.325850
0.512754 0.000000  -15.610733  -8.290376  -4.240236  -4.223311  -3.851853  -3.061972  -2.808910  -2.116662  -1.714211  -1.703273  -0.825119  -0.703432  -0.096980  1.974743  6.315646
0.518858 0.000000  -15.604910  -8.296171  -4.223066  -4.211827  -3.874765  -3.072013  -2.748039  -2.116417  -1.686701  -1.676633  -0.818779  -0.703105  -0.087892  1.909940  6.305796
0.524962 0.000000  -15.599277  -8.301641  -4.206739  -4.200943  -3.896479  -3.081700  -2.688964  -2.116553  -1.659980  -1.650674  -0.812194  -0.703023  -0.079157  1.846490  6.296272
0.531066 0.000000  -15.593890  -8.306729  -4.191229  -4.190685  -3.916969  -3.091034  -2.631930  -2.116907  -1.634157  -1.625531  -0.805418  -0.703187  -0.070776  1.784565  6.287156
0.537170 0.000000  -15.588720  -8.311464  -4.180997  -4.176671  -3.936207  -3.099932  -2.577181  -2.117288  -1.609286  -1.601367  -0.798425  -0.703540  -0.062749  1.724358  6.278503
0.543275 0.000000  -15.583822  -8.315872  -4.171936  -4.163093  -3.954085  -3.108367  -2.524963  -2.117614  -1.585503  -1.578292  -0.791269  -0.704112  -0.055129  1.666083  6.270274
0.549379 0.000000  -15.579196  -8.319954  -4.163474  -4.150576  -3.970575  -3.116340  -2.475575  -2.117696  -1.562891  -1.556360  -0.783976  -0.704847  -0.047919  1.609961  6.262549
0.555483 0.000000  -15.574869  -8.323709  -4.155637  -4.139201  -3.985568  -3.123823  -2.429344  -2.117397  -1.541503  -1.535734  -0.776602  -0.705690  -0.041143  1.556243  6.255338
0.561587 0.000000  -15.570842  -8.327110  -4.148399  -4.129133  -3.998929  -3.130762  -2.386595  -2.116499  -1.521449  -1.516415  -0.769173  -0.706670  -0.034830  1.505193  6.248658
0.567692 0.000000  -15.567114  -8.330212  -4.141759  -4.120535  -4.010521  -3.137156  -2.347711  -2.114785  -1.502809  -1.498510  -0.761799  -0.707731  -0.028980  1.457089  6.242530
0.573796 0.000000  -15.563713  -8.333015  -4.135746  -4.113596  -4.020153  -3.143007  -2.313180  -2.112036  -1.485666  -1.482074  -0.754534  -0.708819  -0.023619  1.412232  6.236965
0.579900 0.000000  -15.560638  -8.335491  -4.130358  -4.108535  -4.027582  -3.148258  -2.283357  -2.107955  -1.470074  -1.467190  -0.747541  -0.709908  -0.018776  1.370928  6.231975
0.586004 0.000000  -15.557917  -8.337668  -4.125596  -4.105514  -4.032697  -3.152939  -2.258622  -2.102376  -1.456142  -1.453884  -0.740874  -0.710996  -0.014422  1.333497  6.227569
0.592108 0.000000  -15.555522  -8.339546  -4.121460  -4.104344  -4.035636  -3.157020  -2.239057  -2.095356  -1.443897  -1.442210  -0.734697  -0.712030  -0.010640  1.300248  6.223746
0.598213 0.000000  -15.553509  -8.341124  -4.117950  -4.104698  -4.036806  -3.160476  -2.224363  -2.087329  -1.433421  -1.432224  -0.729173  -0.712955  -0.007429  1.271488  6.220514
0.604317 0.000000  -15.551849  -8.342430  -4.115092  -4.105895  -4.036806  -3.163333  -2.213860  -2.079084  -1.424768  -1.424006  -0.724384  -0.713772  -0.004762  1.247505  6.217871
0.610421 0.000000  -15.550543  -8.343410  -4.112861  -4.107392  -4.036262  -3.165537  -2.206731  -2.071519  -1.417965  -1.417557  -0.720520  -0.714425  -0.002667  1.228558  6.215817
0.616525 0.000000  -15.549617  -8.344144  -4.111256  -4.108752  -4.035582  -3.167143  -2.202213  -2.065533  -1.413094  -1.412904  -0.717663  -0.714915  -0.001197  1.214857  6.214353
0.622629 0.000000  -15.549046  -8.344553  -4.110303  -4.109650  -4.035065  -3.168095  -2.199710  -2.061669  -1.410183  -1.410128  -0.715894  -0.715214  -0.000299  1.206571  6.213474
0.628734 0.000000  -15.548883  -8.344716  -4.109977  -4.109977  -4.034874  -3.168422  -2.198921  -2.060335  -1.409176  -1.409176  -0.715323  -0.715323  0.000000  1.203798  6.213180
0.628734 0.000000  -15.548964  -8.344172  -4.111745  -4.109623  -4.034602  -3.167905  -2.197996  -2.060961  -1.409149  -1.408986  -0.717554  -0.715296  -0.000381  1.206397  6.212484
0.634889 0.000000  -15.549236  -8.342566  -4.116997  -4.108589  -4.033704  -3.166435  -2.195193  -2.062839  -1.409013  -1.408387  -0.724221  -0.715187  -0.001524  1.214155  6.210397
0.641045 0.000000  -15.549672  -8.339900  -4.125732  -4.106875  -4.032262  -3.163959  -2.190594  -2.065968  -1.408822  -1.407407  -0.735187  -0.715023  -0.003456  1.226968  6.206935
0.647201 0.000000  -15.550298  -8.336172  -4.137868  -4.104480  -4.030194  -3.160476  -2.184254  -2.070295  -1.408523  -1.406074  -0.750316  -0.714806  -0.006122  1.244658  6.202119
0.653357 0.000000  -15.551141  -8.331382  -4.153269  -4.101378  -4.027582  -3.156013  -2.176254  -2.075846  -1.408169  -1.404360  -0.769337  -0.714534  -0.009578  1.266999  6.195975
0.659512 0.000000  -15.552175  -8.325532  -4.171882  -4.097596  -4.024371  -3.150598  -2.166730  -2.082539  -1.407707  -1.402319  -0.792003  -0.714180  -0.013796  1.293728  6.188533
0.665668 0.000000  -15.553454  -8.318621  -4.193542  -4.093133  -4.020589  -3.144177  -2.155819  -2.090403  -1.407190  -1.399979  -0.818044  -0.713799  -0.018776  1.324553  6.179830
0.671824 0.000000  -15.554924  -8.310620  -4.218086  -4.087990  -4.016208  -3.136802  -2.143628  -2.099329  -1.406564  -1.397394  -0.847078  -0.713336  -0.024517  1.359168  6.169901
0.677980 0.000000  -15.556692  -8.301559  -4.245406  -4.082167  -4.011255  -3.128476  -2.130349  -2.109370  -1.405884  -1.394537  -0.878861  -0.712792  -0.030966  1.397271  6.158783
0.684135 0.000000  -15.558706  -8.291437  -4.275338  -4.075636  -4.005731  -3.119197  -2.120390  -2.116118  -1.405094  -1.391462  -0.913092  -0.712221  -0.038177  1.438564  6.146511
0.690291 0.000000  -15.560992  -8.280253  -4.307692  -4.068453  -3.999636  -3.108993  -2.132417  -2.101097  -1.404251  -1.388224  -0.949419  -0.711595  -0.046123  1.482760  6.133115
0.696447 0.000000  -15.563604  -8.268008  -4.342331  -4.060562  -3.992969  -3.097864  -2.145397  -2.085478  -1.403326  -1.384849  -0.987650  -0.710887  -0.054749  1.529593  6.118625
0.702603 0.000000  -15.566543  -8.254702  -4.379066  -4.052017  -3.985759  -3.085809  -2.159275  -2.069369  -1.402346  -1.381366  -1.027460  -0.710153  -0.064082  1.578812  6.103065
0.708758 0.000000  -15.569808  -8.240307  -4.417815  -4.042766  -3.977949  -3.072857  -2.173996  -2.052988  -1.401285  -1.377775  -1.068658  -0.709336  -0.074068  1.630192  6.086453
0.714914 0.000000  -15.573454  -8.224879  -4.458386  -4.032861  -3.969595  -3.059033  -2.189533  -2.036471  -1.400142  -1.374156  -1.110998  -0.708493  -0.084708  1.683523  6.068812
0.721070 0.000000  -15.577481  -8.208389  -4.500645  -4.022276  -3.960697  -3.044340  -2.205860  -2.019954  -1.398918  -1.370482  -1.154291  -0.707595  -0.095946  1.738611  6.050151
0.727226 0.000000  -15.581917  -8.190838  -4.544455  -4.011010  -3.951228  -3.028802  -2.222921  -2.003600  -1.397639  -1.366836  -1.198318  -0.706642  -0.107810  1.795292  6.030480
0.733381 0.000000  -15.586788  -8.172225  -4.589707  -3.999065  -3.941214  -3.012421  -2.240690  -1.987600  -1.396278  -1.363189  -1.242890  -0.705636  -0.120245  1.853404  6.009805
0.739537 0.000000  -15.592094  -8.152579  -4.636292  -3.986439  -3.930656  -2.995224  -2.259139  -1.972090  -1.394863  -1.359570  -1.287869  -0.704574  -0.133198  1.912808  5.988129
0.745693 0.000000  -15.597862  -8.131871  -4.684074  -3.973160  -3.919554  -2.977264  -2.278214  -1.957260  -1.393394  -1.356033  -1.333012  -0.703486  -0.146695  1.973380  5.965454
0.751849 0.000000  -15.604121  -8.110103  -4.732973  -3.959201  -3.907908  -2.958489  -2.297887  -1.943328  -1.391870  -1.378101  -1.352577  -0.702343  -0.160627  2.034996  5.941780
0.758004 0.000000  -15.610869  -8.087300  -4.782878  -3.944588  -3.895745  -2.939006  -2.318105  -1.930539  -1.422918  -1.390264  -1.349203  -0.701173  -0.174994  2.097560  5.917100
0.764160 0.000000  -15.618107  -8.063490  -4.833735  -3.929296  -3.883064  -2.918761  -2.338894  -1.919165  -1.467136  -1.388605  -1.345911  -0.699949  -0.189797  2.160970  5.891413
0.770316 0.000000  -15.625890  -8.038619  -4.885409  -3.913350  -3.869840  -2.897835  -2.360173  -1.909668  -1.510374  -1.386917  -1.342754  -0.698670  -0.204926  2.225139  5.864711
0.776472 0.000000  -15.634189  -8.012742  -4.937844  -3.896724  -3.856125  -2.876203  -2.381942  -1.902593  -1.552034  -1.385149  -1.339734  -0.697364  -0.220355  2.289983  5.836988
0.782627 0.000000  -15.643060  -7.985830  -4.990987  -3.879445  -3.841894  -2.853944  -2.404174  -1.898756  -1.591354  -1.383353  -1.336822  -0.696030  -0.236083  2.355430  5.808237
0.788783 0.000000  -15.652448  -7.957912  -5.044756  -3.861513  -3.827173  -2.831032  -2.426813  -1.899246  -1.627191  -1.381475  -1.334074  -0.694642  -0.252028  2.421406  5.778452
0.794939 0.000000  -15.662407  -7.929013  -5.099042  -3.842901  -3.811962  -2.807549  -2.449861  -1.905450  -1.658238  -1.379598  -1.331489  -0.693227  -0.268137  2.487847  5.747625
0.801095 0.000000  -15.672938  -7.899109  -5.153845  -3.823663  -3.796234  -2.783468  -2.473262  -1.918702  -1.683164  -1.377666  -1.329040  -0.691758  -0.284355  2.554694  5.715747
0.807250 0.000000  -15.684012  -7.868197  -5.209083  -3.803744  -3.780043  -2.758842  -2.497045  -1.939546  -1.701422  -1.375679  -1.326727  -0.690261  -0.300654  2.621883  5.682813
0.813406 0.000000  -15.695659  -7.836333  -5.264703  -3.783173  -3.763390  -2.733699  -2.521126  -1.967328  -1.713640  -1.373666  -1.324604  -0.688710  -0.316981  2.689361  5.648819
0.819562 0.000000  -15.707877  -7.803516  -5.320649  -3.761975  -3.746274  -2.708093  -2.545535  -2.000607  -1.721368  -1.371625  -1.322618  -0.687132  -0.333280  2.757078  5.613757
0.825718 0.000000  -15.720693  -7.769720  -5.376866  -3.740098  -3.728696  -2.681998  -2.570215  -2.037777  -1.726184  -1.369557  -1.320822  -0.685500  -0.349471  2.824981  5.577627
0.831873 0.000000  -15.734026  -7.734999  -5.433329  -3.717594  -3.710655  -2.655522  -2.595168  -2.077533  -1.729395  -1.367489  -1.319189  -0.683840  -0.365553  2.893019  5.540421
0.838029 0.000000  -15.747958  -7.699353  -5.489983  -3.694438  -3.692179  -2.628610  -2.620338  -2.118948  -1.731926  -1.365366  -1.317693  -0.682125  -0.381417  2.961150  5.502140
0.844185 0.000000  -15.762435  -7.662808  -5.546772  -3.673295  -3.670655  -2.645726  -2.601372  -2.161451  -1.734402  -1.363244  -1.316387  -0.680357  -0.397036  3.029330  5.462782
0.850341 0.000000  -15.777455  -7.625339  -5.603670  -3.653975  -3.646220  -2.671331  -2.573807  -2.204581  -1.737259  -1.361094  -1.315244  -0.678534  -0.412383  3.097507  5.422350
0.856496 0.000000  -15.793020  -7.586971  -5.660623  -3.634220  -3.621131  -2.697100  -2.545970  -2.248064  -1.740797  -1.358945  -1.314237  -0.676656  -0.427349  3.165646  5.380845
0.862652 0.000000  -15.809129  -7.547760  -5.717630  -3.614083  -3.595417  -2.723005  -2.517861  -2.291710  -1.745178  -1.356795  -1.313421  -0.674724  -0.441961  3.233704  5.338270
0.868808 0.000000  -15.825727  -7.507678  -5.774610  -3.593566  -3.569076  -2.749073  -2.489562  -2.335384  -1.750565  -1.354645  -1.312740  -0.672710  -0.456165  3.301639  5.294632
0.874964 0.000000  -15.842870  -7.466753  -5.831562  -3.572641  -3.542110  -2.775250  -2.461099  -2.378949  -1.757069  -1.352468  -1.312223  -0.670642  -0.469880  3.369411  5.249935
0.881119 0.000000  -15.860503  -7.425011  -5.888433  -3.551362  -3.514518  -2.801509  -2.432473  -2.422378  -1.764715  -1.350319  -1.311870  -0.668465  -0.483104  3.436982  5.204188
0.887275 0.000000  -15.878626  -7.382480  -5.945195  -3.529702  -3.486301  -2.827876  -2.465534  -2.403793  -1.773586  -1.348196  -1.311652  -0.666207  -0.495839  3.504314  5.157402
0.893431 0.000000  -15.897211  -7.339133  -6.001822  -3.507716  -3.457457  -2.854271  -2.508446  -2.375058  -1.783708  -1.346074  -1.311597  -0.663840  -0.508002  3.571368  5.109586
0.899587 0.000000  -15.916286  -7.295024  -6.058284  -3.485375  -3.428015  -2.880720  -2.551004  -2.346323  -1.795055  -1.343979  -1.311652  -0.661363  -0.519621  3.638109  5.060756
0.905742 0.000000  -15.935769  -7.250181  -6.114529  -3.462681  -3.397946  -2.907196  -2.593236  -2.317643  -1.807681  -1.341883  -1.311870  -0.658778  -0.530696  3.704499  5.010919
0.911898 0.000000  -15.955687  -7.204575  -6.170584  -3.439715  -3.367252  -2.933672  -2.635059  -2.289044  -1.821532  -1.339842  -1.312196  -0.656030  -0.541172  3.770503  4.960097
0.918054 0.000000  -15.976014  -7.158262  -6.226367  -3.416423  -3.335987  -2.960149  -2.676501  -2.260608  -1.836579  -1.337829  -1.312686  -0.653146  -0.551104  3.836087  4.908307
0.924210 0.000000  -15.996749  -7.111268  -6.281850  -3.392831  -3.304096  -2.986598  -2.717481  -2.232363  -1.852824  -1.335842  -1.313257  -0.650098  -0.560465  3.901214  4.855561
0.930365 0.000000  -16.017837  -7.063568  -6.337034  -3.368967  -3.271633  -3.012992  -2.758025  -2.204363  -1.870212  -1.333910  -1.313992  -0.646860  -0.569281  3.965851  4.801884
0.936521 0.000000  -16.039279  -7.015241  -6.391891  -3.344831  -3.238572  -3.039333  -2.798107  -2.176635  -1.888688  -1.332006  -1.314808  -0.643404  -0.577553  4.029965  4.747294
0.942677 0.000000  -16.061075  -6.966261  -6.446395  -3.320422  -3.204912  -3.065591  -2.837726  -2.149288  -1.908253  -1.330183  -1.315761  -0.639731  -0.585336  4.093525  4.691810
0.948833 0.000000  -16.083171  -6.916683  -6.500518  -3.295796  -3.170680  -3.091741  -2.876829  -2.122349  -1.928797  -1.328387  -1.316795  -0.635812  -0.592601  4.156497  4.635462
0.954988 0.000000  -16.105565  -6.866505  -6.554205  -3.270953  -3.135877  -3.117809  -2.915441  -2.095900  -1.950294  -1.326672  -1.317938  -0.631622  -0.599377  4.218848  4.578270
0.961144 0.000000  -16.128232  -6.815757  -6.607484  -3.245864  -3.143741  -3.100503  -2.953509  -2.069941  -1.972689  -1.325040  -1.319189  -0.627132  -0.605717  4.280549  4.520256
0.967300 0.000000  -16.151144  -6.764464  -6.660301  -3.220612  -3.169510  -3.064585  -2.991088  -2.044607  -1.995900  -1.323461  -1.320523  -0.622316  -0.611649  4.341570  4.461450
0.973456 0.000000  -16.174300  -6.712627  -6.712627  -3.195143  -3.195143  -3.028095  -3.028095  -2.019900  -2.019900  -1.321938  -1.321938  -0.617173  -0.617173  4.401880  4.401880
0.973456 0.000000  -16.174790  -6.712029  -6.712029  -3.195061  -3.195061  -3.028612  -3.028612  -2.019845  -2.019845  -1.322074  -1.322074  -0.617390  -0.617390  4.402139  4.402139
0.979611 0.000000  -16.176232  -6.710260  -6.710260  -3.194816  -3.194816  -3.030135  -3.030135  -2.019737  -2.019737  -1.322427  -1.322427  -0.618098  -0.618098  4.402917  4.402917
0.985767 0.000000  -16.178627  -6.707321  -6.707321  -3.194381  -3.194381  -3.032666  -3.032666  -2.019519  -2.019519  -1.323026  -1.323026  -0.619241  -0.619241  4.404212  4.404212
0.991923 0.000000  -16.181974  -6.703212  -6.703212  -3.193782  -3.193782  -3.036203  -3.036203  -2.019219  -2.019219  -1.323842  -1.323842  -0.620873  -0.620873  4.406016  4.406016
0.998079 0.000000  -16.186300  -6.697933  -6.697933  -3.193020  -3.193020  -3.040748  -3.040748  -2.018811  -2.018811  -1.324904  -1.324904  -0.622941  -0.622941  4.408324  4.408324
1.004234 0.000000  -16.191552  -6.691484  -6.691484  -3.192122  -3.192122  -3.046299  -3.046299  -2.018349  -2.018349  -1.326210  -1.326210  -0.625445  -0.625445  4.411126  4.411126
1.010390 0.000000  -16.197756  -6.683920  -6.683920  -3.191034  -3.191034  -3.052857  -3.052857  -2.017777  -2.017777  -1.327734  -1.327734  -0.628384  -0.628384  4.414411  4.414411
1.016546 0.000000  -16.204885  -6.675212  -6.675212  -3.189782  -3.189782  -3.060394  -3.060394  -2.017097  -2.017097  -1.329475  -1.329475  -0.631785  -0.631785  4.418163  4.418163
1.022702 0.000000  -16.212913  -6.665362  -6.665362  -3.188367  -3.188367  -3.068911  -3.068911  -2.016335  -2.016335  -1.331434  -1.331434  -0.635567  -0.635567  4.422367  4.422367
1.028857 0.000000  -16.221865  -6.654450  -6.654450  -3.186816  -3.186816  -3.078380  -3.078380  -2.015492  -2.015492  -1.333611  -1.333611  -0.639785  -0.639785  4.427009  4.427009
1.035013 0.000000  -16.231716  -6.642450  -6.642450  -3.185102  -3.185102  -3.088830  -3.088830  -2.014539  -2.014539  -1.336006  -1.336006  -0.644384  -0.644384  4.432071  4.432071
1.041169 0.000000  -16.242464  -6.629362  -6.629362  -3.183252  -3.183252  -3.100231  -3.100231  -2.013478  -2.013478  -1.338591  -1.338591  -0.649391  -0.649391  4.437532  4.437532
1.047325 0.000000  -16.254083  -6.615266  -6.615266  -3.181265  -3.181265  -3.112557  -3.112557  -2.012308  -2.012308  -1.341393  -1.341393  -0.654724  -0.654724  4.443369  4.443369
1.053480 0.000000  -16.266546  -6.600137  -6.600137  -3.179143  -3.179143  -3.125782  -3.125782  -2.011029  -2.011029  -1.344359  -1.344359  -0.660438  -0.660438  4.449559  4.449559
1.059636 0.000000  -16.279852  -6.584028  -6.584028  -3.176884  -3.176884  -3.139932  -3.139932  -2.009641  -2.009641  -1.347516  -1.347516  -0.666479  -0.666479  4.456082  4.456082
1.065792 0.000000  -16.293974  -6.566967  -6.566967  -3.174490  -3.174490  -3.154952  -3.154952  -2.008172  -2.008172  -1.350836  -1.350836  -0.672846  -0.672846  4.462912  4.462912
1.071948 0.000000  -16.308886  -6.548953  -6.548953  -3.171986  -3.171986  -3.170816  -3.170816  -2.006566  -2.006566  -1.354319  -1.354319  -0.679513  -0.679513  4.470022  4.470022
1.078103 0.000000  -16.324614  -6.530069  -6.530069  -3.187551  -3.187551  -3.169374  -3.169374  -2.004879  -2.004879  -1.357965  -1.357965  -0.686479  -0.686479  4.477385  4.477385
1.084259 0.000000  -16.341104  -6.510286  -6.510286  -3.205075  -3.205075  -3.166626  -3.166626  -2.003056  -2.003056  -1.361747  -1.361747  -0.693690  -0.693690  4.484980  4.484980
1.090415 0.000000  -16.358328  -6.489715  -6.489715  -3.223388  -3.223388  -3.163796  -3.163796  -2.001151  -2.001151  -1.365666  -1.365666  -0.701119  -0.701119  4.492773  4.492773
1.096571 0.000000  -16.376288  -6.468327  -6.468327  -3.242436  -3.242436  -3.160884  -3.160884  -1.999111  -1.999111  -1.369720  -1.369720  -0.708792  -0.708792  4.500740  4.500740
1.102726 0.000000  -16.394927  -6.446177  -6.446177  -3.262245  -3.262245  -3.157891  -3.157891  -1.996988  -1.996988  -1.373856  -1.373856  -0.716656  -0.716656  4.508852  4.508852
1.108882 0.000000  -16.414274  -6.423347  -6.423347  -3.282708  -3.282708  -3.154816  -3.154816  -1.994757  -1.994757  -1.378101  -1.378101  -0.724711  -0.724711  4.517086  4.517086
1.115038 0.000000  -16.434274  -6.399837  -6.399837  -3.303851  -3.303851  -3.151660  -3.151660  -1.992444  -1.992444  -1.382455  -1.382455  -0.732901  -0.732901  4.525407  4.525407
1.121194 0.000000  -16.454927  -6.375701  -6.375701  -3.325592  -3.325592  -3.148449  -3.148449  -1.990022  -1.990022  -1.386863  -1.386863  -0.741228  -0.741228  4.533793  4.533793
1.127349 0.000000  -16.476179  -6.350993  -6.350993  -3.347905  -3.347905  -3.145211  -3.145211  -1.987519  -1.987519  -1.391353  -1.391353  -0.749690  -0.749690  4.542215  4.542215
1.133505 0.000000  -16.498030  -6.325796  -6.325796  -3.370763  -3.370763  -3.141891  -3.141891  -1.984934  -1.984934  -1.395870  -1.395870  -0.758207  -0.758207  4.550645  4.550645
1.139661 0.000000  -16.520451  -6.300109  -6.300109  -3.394110  -3.394110  -3.138571  -3.138571  -1.982267  -1.982267  -1.400441  -1.400441  -0.766779  -0.766779  4.559059  4.559059
1.145817 0.000000  -16.543418  -6.273986  -6.273986  -3.417865  -3.417865  -3.135224  -3.135224  -1.979546  -1.979546  -1.405040  -1.405040  -0.775405  -0.775405  4.567432  4.567432
1.151972 0.000000  -16.566901  -6.247537  -6.247537  -3.442028  -3.442028  -3.131877  -3.131877  -1.976743  -1.976743  -1.409611  -1.409611  -0.784003  -0.784003  4.575737  4.575737
1.158128 0.000000  -16.590874  -6.220816  -6.220816  -3.466491  -3.466491  -3.128503  -3.128503  -1.973913  -1.973913  -1.414210  -1.414210  -0.792629  -0.792629  4.583952  4.583952
1.164284 0.000000  -16.615309  -6.193850  -6.193850  -3.491253  -3.491253  -3.125156  -3.125156  -1.971029  -1.971029  -1.418782  -1.418782  -0.801201  -0.801201  4.592050  4.592050
1.170440 0.000000  -16.640207  -6.166720  -6.166720  -3.516178  -3.516178  -3.121809  -3.121809  -1.968117  -1.968117  -1.423326  -1.423326  -0.809691  -0.809691  4.600009  4.600009
1.176595 0.000000  -16.665540  -6.139509  -6.139509  -3.541267  -3.541267  -3.118517  -3.118517  -1.965178  -1.965178  -1.427816  -1.427816  -0.818126  -0.818126  4.607810  4.607810
1.182751 0.000000  -16.691255  -6.112298  -6.112298  -3.566437  -3.566437  -3.115251  -3.115251  -1.962212  -1.962212  -1.432251  -1.432251  -0.826425  -0.826425  4.615429  4.615429
1.188907 0.000000  -16.717350  -6.085142  -6.085142  -3.591553  -3.591553  -3.112040  -3.112040  -1.959274  -1.959274  -1.436605  -1.436605  -0.834561  -0.834561  4.622847  4.622847
1.195063 0.000000  -16.743799  -6.058176  -6.058176  -3.616614  -3.616614  -3.108884  -3.108884  -1.956335  -1.956335  -1.440877  -1.440877  -0.842561  -0.842561  4.630044  4.630044
1.201218 0.000000  -16.770548  -6.031427  -6.031427  -3.641485  -3.641485  -3.105782  -3.105782  -1.953423  -1.953423  -1.445040  -1.445040  -0.850371  -0.850371  4.637005  4.637005
1.207374 0.000000  -16.797623  -6.005005  -6.005005  -3.666111  -3.666111  -3.102789  -3.102789  -1.950539  -1.950539  -1.449095  -1.449095  -0.857963  -0.857963  4.643707  4.643707
1.213530 0.000000  -16.824970  -5.979046  -5.979046  -3.690356  -3.690356  -3.099877  -3.099877  -1.947709  -1.947709  -1.453013  -1.453013  -0.865283  -0.865283  4.650140  4.650140
1.219686 0.000000  -16.852562  -5.953631  -5.953631  -3.714138  -3.714138  -3.097074  -3.097074  -1.944961  -1.944961  -1.456795  -1.456795  -0.872385  -0.872385  4.656284  4.656284
1.225841 0.000000  -16.880371  -5.928842  -5.928842  -3.737376  -3.737376  -3.094408  -3.094408  -1.942294  -1.942294  -1.460414  -1.460414  -0.879160  -0.879160  4.662126  4.662126
1.231997 0.000000  -16.908399  -5.904814  -5.904814  -3.759907  -3.759907  -3.091823  -3.091823  -1.939709  -1.939709  -1.463870  -1.463870  -0.885636  -0.885636  4.667653  4.667653
1.238153 0.000000  -16.936589  -5.881685  -5.881685  -3.781676  -3.781676  -3.089401  -3.089401  -1.937206  -1.937206  -1.467136  -1.467136  -0.891786  -0.891786  4.672850  4.672850
1.244309 0.000000  -16.964943  -5.859535  -5.859535  -3.802520  -3.802520  -3.087115  -3.087115  -1.934838  -1.934838  -1.470210  -1.470210  -0.897582  -0.897582  4.677710  4.677710
1.250464 0.000000  -16.993406  -5.838528  -5.838528  -3.822356  -3.822356  -3.084966  -3.084966  -1.932607  -1.932607  -1.473068  -1.473068  -0.902997  -0.902997  4.682219  4.682219
1.256620 0.000000  -17.021977  -5.818773  -5.818773  -3.841023  -3.841023  -3.082979  -3.082979  -1.930539  -1.930539  -1.475734  -1.475734  -0.908004  -0.908004  4.686368  4.686368
1.262776 0.000000  -17.050576  -5.800406  -5.800406  -3.858384  -3.858384  -3.081156  -3.081156  -1.928607  -1.928607  -1.478183  -1.478183  -0.912603  -0.912603  4.690148  4.690148
1.268932 0.000000  -17.079202  -5.783535  -5.783535  -3.874357  -3.874357  -3.079496  -3.079496  -1.926838  -1.926838  -1.480387  -1.480387  -0.916766  -0.916766  4.693549  4.693549
1.275087 0.000000  -17.107801  -5.768297  -5.768297  -3.888806  -3.888806  -3.078027  -3.078027  -1.925260  -1.925260  -1.482346  -1.482346  -0.920467  -0.920467  4.696570  4.696570
1.281243 0.000000  -17.136318  -5.754827  -5.754827  -3.901595  -3.901595  -3.076748  -3.076748  -1.923872  -1.923872  -1.484061  -1.484061  -0.923705  -0.923705  4.699198  4.699198
1.287399 0.000000  -17.164645  -5.743208  -5.743208  -3.912615  -3.912615  -3.075632  -3.075632  -1.922675  -1.922675  -1.485530  -1.485530  -0.926480  -0.926480  4.701432  4.701432
1.293555 0.000000  -17.192618  -5.733548  -5.733548  -3.921813  -3.921813  -3.074734  -3.074734  -1.921695  -1.921695  -1.486727  -1.486727  -0.928766  -0.928766  4.703266  4.703266
1.299710 0.000000  -17.219910  -5.725929  -5.725929  -3.929024  -3.929024  -3.074027  -3.074027  -1.920906  -1.920906  -1.487680  -1.487680  -0.930562  -0.930562  4.704698  4.704698
1.305866 0.000000  -17.245706  -5.720460  -5.720460  -3.934248  -3.934248  -3.073537  -3.073537  -1.920362  -1.920362  -1.488360  -1.488360  -0.931841  -0.931841  4.705721  4.705721
1.312022 0.000000  -17.267557  -5.717140  -5.717140  -3.937405  -3.937405  -3.073210  -3.073210  -1.920035  -1.920035  -1.488768  -1.488768  -0.932603  -0.932603  4.706336  4.706336
1.318178 0.000000  -17.277598  -5.716024  -5.716024  -3.938466  -3.938466  -3.073129  -3.073129  -1.919899  -1.919899  -1.488904  -1.488904  -0.932875  -0.932875  4.706540  4.706540
1.318178 0.000000  -17.259502  -5.718528  -5.715725  -3.938575  -3.936234  -3.073619  -3.072829  -1.920444  -1.919600  -1.488877  -1.488659  -0.932739  -0.932494  4.705557  4.707117
1.324304 0.000000  -17.224999  -5.725929  -5.714854  -3.938956  -3.929649  -3.075088  -3.071931  -1.922103  -1.918620  -1.488768  -1.487952  -0.932331  -0.931351  4.702611  4.708845
1.330430 0.000000  -17.186740  -5.738147  -5.713385  -3.939581  -3.918792  -3.077564  -3.070489  -1.924825  -1.917015  -1.488632  -1.486755  -0.931677  -0.929473  4.697699  4.711724
1.336556 0.000000  -17.147311  -5.755018  -5.711317  -3.940452  -3.903826  -3.080993  -3.068421  -1.928607  -1.914756  -1.488415  -1.485095  -0.930779  -0.926861  4.690831  4.715745
1.342682 0.000000  -17.107338  -5.776215  -5.708677  -3.941568  -3.885051  -3.085401  -3.065782  -1.933450  -1.911899  -1.488142  -1.483000  -0.929609  -0.923487  4.682006  4.720904
1.348808 0.000000  -17.067148  -5.801521  -5.705439  -3.942928  -3.862683  -3.090734  -3.062571  -1.939355  -1.908444  -1.487816  -1.480469  -0.928194  -0.919405  4.671239  4.727190
1.354934 0.000000  -17.026848  -5.830555  -5.701603  -3.944507  -3.837050  -3.096993  -3.058789  -1.946267  -1.904389  -1.487435  -1.477530  -0.926535  -0.914643  4.658531  4.734597
1.361061 0.000000  -16.986549  -5.863045  -5.697140  -3.946330  -3.808452  -3.104149  -3.054435  -1.954158  -1.899790  -1.487000  -1.474183  -0.924630  -0.909147  4.643897  4.743106
1.367187 0.000000  -16.946276  -5.898610  -5.692106  -3.948371  -3.777213  -3.112177  -3.049482  -1.963056  -1.894648  -1.486483  -1.470455  -0.922507  -0.902997  4.627348  4.752703
1.373313 0.000000  -16.906113  -5.936950  -5.686446  -3.950629  -3.743635  -3.121047  -3.043986  -1.972879  -1.889015  -1.485938  -1.466374  -0.920167  -0.896194  4.608896  4.763378
1.379439 0.000000  -16.866086  -5.977740  -5.680187  -3.953105  -3.707961  -3.130734  -3.037918  -1.983600  -1.882892  -1.485312  -1.461993  -0.917609  -0.888766  4.588561  4.775106
1.385565 0.000000  -16.826194  -6.020706  -5.673276  -3.955772  -3.670492  -3.141211  -3.031278  -1.995219  -1.876307  -1.484659  -1.457285  -0.914861  -0.880684  4.566354  4.787868
1.391691 0.000000  -16.786548  -6.065577  -5.665766  -3.958656  -3.631444  -3.152422  -3.024122  -2.007682  -1.869341  -1.483952  -1.452333  -0.911922  -0.872031  4.542297  4.801642
1.397817 0.000000  -16.747119  -6.112080  -5.657602  -3.961704  -3.591009  -3.164340  -3.016394  -2.020934  -1.862022  -1.483163  -1.447135  -0.908820  -0.862806  4.516411  4.816407
1.403943 0.000000  -16.707962  -6.160026  -5.648813  -3.964942  -3.549430  -3.176939  -3.008149  -2.035002  -1.854375  -1.482346  -1.441720  -0.905555  -0.853010  4.488718  4.832135
1.410070 0.000000  -16.669105  -6.209169  -5.639371  -3.968343  -3.506818  -3.190190  -2.999360  -2.049805  -1.846430  -1.481476  -1.436142  -0.902099  -0.842670  4.459244  4.848799
1.416196 0.000000  -16.630574  -6.259346  -5.629276  -3.971881  -3.463335  -3.204014  -2.990026  -2.065315  -1.838266  -1.480551  -1.430401  -0.898534  -0.831840  4.428013  4.866369
1.422322 0.000000  -16.592425  -6.310367  -5.618527  -3.975582  -3.419117  -3.218408  -2.980203  -2.081533  -1.829913  -1.479571  -1.424578  -0.894834  -0.820493  4.395053  4.884818
1.428448 0.000000  -16.554656  -6.362068  -5.607099  -3.979391  -3.374273  -3.233320  -2.969863  -2.098376  -1.821423  -1.478564  -1.418646  -0.891024  -0.808684  4.360394  4.904113
1.434574 0.000000  -16.517322  -6.414313  -5.594990  -3.983337  -3.328912  -3.248721  -2.959033  -2.115819  -1.812851  -1.477503  -1.412632  -0.887106  -0.796384  4.324067  4.924220
1.440700 0.000000  -16.480424  -6.466966  -5.582201  -3.987391  -3.283089  -3.264585  -2.947713  -2.133859  -1.804225  -1.476414  -1.406618  -0.883079  -0.783677  4.286105  4.945104
1.446826 0.000000  -16.444016  -6.519919  -5.568731  -3.991527  -3.280830  -3.236912  -2.935931  -2.152445  -1.795627  -1.475272  -1.400605  -0.878970  -0.770534  4.246543  4.966731
1.452952 0.000000  -16.408124  -6.573035  -5.554554  -3.995772  -3.297483  -3.190408  -2.923659  -2.171547  -1.787082  -1.474074  -1.394618  -0.874806  -0.757010  4.205419  4.989066
1.459079 0.000000  -16.372777  -6.626232  -5.539697  -4.000071  -3.314463  -3.143632  -2.910924  -2.191139  -1.778647  -1.472850  -1.388659  -0.870562  -0.743078  4.162766  5.012068
1.465205 0.000000  -16.337974  -6.679430  -5.524105  -4.004425  -3.331742  -3.096666  -2.897754  -2.211166  -1.770402  -1.471598  -1.382809  -0.866289  -0.728792  4.118627  5.035700
1.471331 0.000000  -16.303797  -6.732491  -5.507833  -4.008833  -3.349266  -3.049510  -2.884176  -2.231629  -1.762348  -1.470319  -1.377040  -0.861963  -0.714153  4.073043  5.059924
1.477457 0.000000  -16.270219  -6.785389  -5.490799  -4.013269  -3.367062  -3.002190  -2.870135  -2.252472  -1.754538  -1.468986  -1.371407  -0.857609  -0.699187  4.026053  5.084697
1.483583 0.000000  -16.237294  -6.837988  -5.473085  -4.017731  -3.385048  -2.954788  -2.855713  -2.273670  -1.747055  -1.467625  -1.365911  -0.853228  -0.683921  3.977704  5.109984
1.489709 0.000000  -16.205049  -6.890288  -5.454608  -4.022221  -3.403198  -2.907250  -2.840883  -2.295193  -1.739926  -1.466238  -1.360577  -0.848847  -0.668357  3.928036  5.135736
1.495835 0.000000  -16.173484  -6.942152  -5.435425  -4.026684  -3.421484  -2.859686  -2.825672  -2.317044  -1.733205  -1.464850  -1.355434  -0.844439  -0.652520  3.877097  5.161921
1.501962 0.000000  -16.142654  -6.993554  -5.415479  -4.031119  -3.439906  -2.812039  -2.810107  -2.339139  -1.726919  -1.463408  -1.350509  -0.840058  -0.636438  3.824936  5.188493
1.508088 0.000000  -16.112559  -7.044411  -5.394826  -4.035555  -3.458382  -2.794189  -2.764366  -2.361479  -1.721096  -1.461965  -1.345802  -0.835677  -0.620111  3.771598  5.215413
1.514214 0.000000  -16.083198  -7.094724  -5.373411  -4.039936  -3.476913  -2.777917  -2.716665  -2.384037  -1.715817  -1.460496  -1.341312  -0.831323  -0.603567  3.717134  5.242635
1.520340 0.000000  -16.054654  -7.144384  -5.351288  -4.044262  -3.495443  -2.761318  -2.668964  -2.406786  -1.711055  -1.458999  -1.337094  -0.826997  -0.586805  3.661593  5.270123
1.526466 0.000000  -16.026898  -7.193364  -5.328431  -4.048507  -3.514001  -2.744447  -2.621290  -2.429670  -1.706864  -1.457503  -1.333149  -0.822697  -0.569880  3.605026  5.297835
1.532592 0.000000  -15.999932  -7.241609  -5.304839  -4.052698  -3.532505  -2.727250  -2.573644  -2.452691  -1.703273  -1.455979  -1.329475  -0.818452  -0.552819  3.547486  5.325729
1.538718 0.000000  -15.973810  -7.289092  -5.280512  -4.056806  -3.550954  -2.709807  -2.526052  -2.475793  -1.700279  -1.454455  -1.326074  -0.814235  -0.535594  3.489027  5.353767
1.544844 0.000000  -15.948531  -7.335786  -5.255505  -4.060834  -3.569321  -2.692120  -2.498977  -2.478568  -1.697912  -1.452904  -1.322999  -0.810071  -0.518288  3.429701  5.381909
1.550971 0.000000  -15.924095  -7.381610  -5.229764  -4.064725  -3.587580  -2.674161  -2.522188  -2.431194  -1.696171  -1.451380  -1.320196  -0.805963  -0.500846  3.369564  5.410116
1.557097 0.000000  -15.900530  -7.426562  -5.203315  -4.068507  -3.605730  -2.656011  -2.545426  -2.383983  -1.695000  -1.449829  -1.317747  -0.801908  -0.483376  3.308673  5.438350
1.563223 0.000000  -15.877836  -7.470590  -5.176213  -4.072181  -3.623689  -2.637644  -2.568664  -2.336990  -1.694402  -1.448278  -1.315597  -0.797935  -0.465825  3.247083  5.466573
1.569349 0.000000  -15.856013  -7.513692  -5.148430  -4.075718  -3.641512  -2.619113  -2.591821  -2.290323  -1.694320  -1.446727  -1.313802  -0.794017  -0.448247  3.184854  5.494750
1.575475 0.000000  -15.835061  -7.555842  -5.119995  -4.079119  -3.659118  -2.614950  -2.600419  -2.244064  -1.694647  -1.445203  -1.312332  -0.790180  -0.430669  3.122049  5.522843
1.581601 0.000000  -15.814979  -7.596985  -5.090906  -4.082385  -3.676505  -2.637943  -2.581589  -2.198377  -1.695273  -1.443652  -1.311189  -0.786398  -0.413117  3.058721  5.550816
1.587727 0.000000  -15.795795  -7.637121  -5.061246  -4.085487  -3.693648  -2.660828  -2.562623  -2.153451  -1.695980  -1.442129  -1.310400  -0.782724  -0.395594  2.994935  5.578636
1.593853 0.000000  -15.777482  -7.676196  -5.030960  -4.088453  -3.710546  -2.683549  -2.543603  -2.109614  -1.696524  -1.440605  -1.309965  -0.779105  -0.378151  2.930753  5.606272
1.599980 0.000000  -15.760040  -7.714237  -5.000130  -4.091228  -3.727172  -2.706107  -2.524473  -2.067301  -1.696415  -1.439108  -1.309856  -0.775595  -0.360791  2.866241  5.633687
1.606106 0.000000  -15.743469  -7.751217  -4.968783  -4.093868  -3.743526  -2.728420  -2.505317  -2.027165  -1.695028  -1.437612  -1.310101  -0.772167  -0.343566  2.801465  5.660849
1.612232 0.000000  -15.727741  -7.787081  -4.936946  -4.096317  -3.759553  -2.750542  -2.486106  -1.990185  -1.691436  -1.436142  -1.310672  -0.768820  -0.326450  2.736493  5.687730
1.618358 0.000000  -15.712856  -7.821884  -4.904620  -4.098603  -3.775254  -2.772366  -2.466922  -1.957614  -1.684334  -1.434700  -1.311597  -0.765581  -0.309525  2.671391  5.714299
1.624484 0.000000  -15.698815  -7.855571  -4.871912  -4.100725  -3.790601  -2.793917  -2.447738  -1.930947  -1.672252  -1.433258  -1.312849  -0.762425  -0.292790  2.606232  5.740522
1.630610 0.000000  -15.685591  -7.888115  -4.838823  -4.102657  -3.805594  -2.815114  -2.428636  -1.911410  -1.653993  -1.431843  -1.314400  -0.759350  -0.276273  2.541088  5.766373
1.636736 0.000000  -15.673155  -7.919544  -4.805408  -4.104426  -3.820234  -2.835985  -2.409589  -1.899328  -1.629150  -1.430482  -1.316305  -0.756384  -0.259974  2.476040  5.791821
1.642863 0.000000  -15.661509  -7.949857  -4.771721  -4.106031  -3.834465  -2.856502  -2.390650  -1.894076  -1.598456  -1.429122  -1.318509  -0.753527  -0.243974  2.411161  5.816838
1.648989 0.000000  -15.650625  -7.979027  -4.737843  -4.107446  -3.848316  -2.876584  -2.371847  -1.894321  -1.563163  -1.427788  -1.321012  -0.750752  -0.228246  2.346538  5.841396
1.655115 0.000000  -15.640475  -8.007055  -4.703802  -4.108725  -3.861731  -2.896257  -2.353207  -1.898756  -1.524578  -1.426509  -1.323815  -0.748085  -0.212844  2.282252  5.865467
1.661241 0.000000  -15.631033  -8.033939  -4.669707  -4.109813  -3.874738  -2.915441  -2.334785  -1.906348  -1.483761  -1.425258  -1.326863  -0.745527  -0.197797  2.218396  5.889021
1.667367 0.000000  -15.622298  -8.059681  -4.635584  -4.110739  -3.887309  -2.934162  -2.316581  -1.916335  -1.441476  -1.424033  -1.330183  -0.743051  -0.183130  2.155065  5.912031
1.673493 0.000000  -15.614216  -8.084307  -4.601543  -4.111528  -3.899418  -2.952366  -2.298622  -1.928117  -1.422836  -1.398292  -1.333747  -0.740711  -0.168844  2.092360  5.934469
1.679619 0.000000  -15.606788  -8.107762  -4.567693  -4.112181  -3.911064  -2.969999  -2.280989  -1.941314  -1.421693  -1.354564  -1.337530  -0.738452  -0.154994  2.030384  5.956306
1.685745 0.000000  -15.599958  -8.130076  -4.534060  -4.112671  -3.922248  -2.987088  -2.263683  -1.955600  -1.420577  -1.341530  -1.310618  -0.736302  -0.141579  1.969252  5.977511
1.691872 0.000000  -15.593699  -8.151273  -4.500808  -4.113052  -3.932942  -3.003550  -2.246758  -1.970757  -1.419516  -1.345693  -1.266699  -0.734234  -0.128654  1.909088  5.998056
1.697998 0.000000  -15.587985  -8.171327  -4.468019  -4.113296  -3.943146  -3.019414  -2.230241  -1.986566  -1.418509  -1.349992  -1.223026  -0.732302  -0.116218  1.850024  6.017909
1.704124 0.000000  -15.582815  -8.190266  -4.435774  -4.113433  -3.952860  -3.034598  -2.214186  -2.002866  -1.417530  -1.354400  -1.179787  -0.730452  -0.104300  1.792201  6.037038
1.710250 0.000000  -15.578134  -8.208089  -4.404264  -4.113460  -3.962058  -3.049101  -2.198649  -2.019437  -1.416632  -1.358917  -1.137120  -0.728738  -0.092926  1.735771  6.055408
1.716376 0.000000  -15.573890  -8.224770  -4.373542  -4.113405  -3.970738  -3.062897  -2.183656  -2.036172  -1.415734  -1.363489  -1.095270  -0.727105  -0.082123  1.680902  6.072986
1.722502 0.000000  -15.570107  -8.240362  -4.343801  -4.113269  -3.978874  -3.075959  -2.169261  -2.052880  -1.414918  -1.368060  -1.054372  -0.725581  -0.071919  1.627776  6.089738
1.728628 0.000000  -15.566706  -8.254838  -4.315148  -4.113079  -3.986493  -3.088258  -2.155519  -2.069424  -1.414156  -1.372604  -1.014617  -0.724166  -0.062313  1.576594  6.105618
1.734754 0.000000  -15.563713  -8.268226  -4.287746  -4.112834  -3.993595  -3.099741  -2.142485  -2.085614  -1.413421  -1.377094  -0.976276  -0.722860  -0.053334  1.527571  6.120587
1.740881 0.000000  -15.561046  -8.280498  -4.261732  -4.112535  -4.000126  -3.110435  -2.130213  -2.101342  -1.412768  -1.381475  -0.939514  -0.721663  -0.045007  1.480937  6.134606
1.747007 0.000000  -15.558706  -8.291709  -4.237270  -4.112235  -4.006112  -3.120285  -2.118757  -2.116390  -1.412142  -1.385693  -0.904575  -0.720547  -0.037333  1.436945  6.147629
1.753133 0.000000  -15.556665  -8.301804  -4.214521  -4.111909  -4.011555  -3.129265  -2.130649  -2.108172  -1.411598  -1.389693  -0.871732  -0.719568  -0.030340  1.395864  6.159610
1.759259 0.000000  -15.554924  -8.310838  -4.193623  -4.111555  -4.016425  -3.137374  -2.143928  -2.098512  -1.411081  -1.393448  -0.841255  -0.718670  -0.024055  1.357979  6.170500
1.765385 0.000000  -15.553427  -8.318784  -4.174766  -4.111256  -4.020725  -3.144558  -2.156091  -2.089832  -1.410645  -1.396904  -0.813446  -0.717881  -0.018449  1.323581  6.180252
1.771511 0.000000  -15.552175  -8.325695  -4.158059  -4.110929  -4.024480  -3.150843  -2.166975  -2.082186  -1.410265  -1.400006  -0.788548  -0.717200  -0.013578  1.292974  6.188824
1.777637 0.000000  -15.551114  -8.331491  -4.143664  -4.110657  -4.027663  -3.156177  -2.176445  -2.075601  -1.409938  -1.402700  -0.766860  -0.716629  -0.009442  1.266446  6.196165
1.783764 0.000000  -15.550298  -8.336253  -4.131691  -4.110439  -4.030248  -3.160558  -2.184390  -2.070186  -1.409666  -1.404986  -0.748711  -0.716166  -0.006068  1.244288  6.202236
1.789890 0.000000  -15.549672  -8.339954  -4.122249  -4.110222  -4.032289  -3.163986  -2.190676  -2.065886  -1.409448  -1.406809  -0.734262  -0.715785  -0.003401  1.226754  6.206998
1.796016 0.000000  -15.549209  -8.342593  -4.115446  -4.110086  -4.033731  -3.166435  -2.195247  -2.062812  -1.409312  -1.408115  -0.723785  -0.715513  -0.001497  1.214057  6.210426
1.802142 0.000000  -15.548964  -8.344172  -4.111337  -4.110004  -4.034602  -3.167932  -2.197996  -2.060961  -1.409231  -1.408931  -0.717445  -0.715377  -0.000381  1.206372  6.212489
1.808268 0.000000  -15.548883  -8.344716  -4.109977  -4.109977  -4.034874  -3.168422  -2.198921  -2.060335  -1.409176  -1.409176  -0.715323  -0.715323  0.000000  1.203798  6.213180
I found 4 paths: 0.628734  0.973456  1.318178  1.808268  Ef=-0.730565, Emax=-0.130574, Emin=-0.086335
Gap=1.203798

