10
-%-0BAND   20   43 0.00000E+00 1.07738E-02-1.62669E-01
-2.46244E-01 1.42585E-01
    0    0    0    1   -1    0
-2.31033E-01-2.28420E-01-2.14544E-01-2.09788E-01-1.96924E-01-1.94207E-01
-1.78407E-01-1.70888E-01-1.66953E-01-1.62676E-01 4.45325E-02 5.37037E-02
 6.09788E-02 8.30150E-02 9.58657E-02 1.04261E-01 1.08797E-01 1.18875E-01
 1.26945E-01 1.35322E-01-2.30939E-01-2.28344E-01-2.14560E-01-2.09747E-01
-1.96898E-01-1.94220E-01-1.78480E-01-1.70925E-01-1.66958E-01-1.62705E-01
 4.45636E-02 5.37049E-02 6.09993E-02 8.30496E-02 9.57829E-02 1.04291E-01
 1.08834E-01 1.18897E-01 1.26926E-01 1.35358E-01-2.30668E-01-2.28121E-01
-2.14604E-01-2.09630E-01-1.96824E-01-1.94258E-01-1.78698E-01-1.71036E-01
-1.66974E-01-1.62791E-01 4.46563E-02 5.37089E-02 6.10597E-02 8.31529E-02
 9.55455E-02 1.04367E-01 1.08952E-01 1.18964E-01 1.26869E-01 1.35463E-01
-2.30252E-01-2.27765E-01-2.14667E-01-2.09444E-01-1.96708E-01-1.94314E-01
-1.79055E-01-1.71223E-01-1.67008E-01-1.62927E-01 4.48085E-02 5.37169E-02
 6.11574E-02 8.33234E-02 9.51808E-02 1.04447E-01 1.09166E-01 1.19072E-01
 1.26775E-01 1.35638E-01-2.29732E-01-2.27298E-01-2.14734E-01-2.09199E-01
-1.96566E-01-1.94375E-01-1.79541E-01-1.71487E-01-1.67069E-01-1.63104E-01
 4.50169E-02 5.37305E-02 6.12877E-02 8.35582E-02 9.47229E-02 1.04485E-01
 1.09492E-01 1.19218E-01 1.26643E-01 1.35880E-01-2.29150E-01-2.26746E-01
-2.14793E-01-2.08908E-01-1.96423E-01-1.94421E-01-1.80143E-01-1.71829E-01
-1.67173E-01-1.63307E-01 4.52766E-02 5.37522E-02 6.14450E-02 8.38530E-02
 9.42042E-02 1.04449E-01 1.09934E-01 1.19396E-01 1.26476E-01 1.36185E-01
-2.28549E-01-2.26132E-01-2.14830E-01-2.08583E-01-1.96314E-01-1.94418E-01
-1.80848E-01-1.72248E-01-1.67336E-01-1.63520E-01 4.55816E-02 5.37851E-02
 6.16223E-02 8.42019E-02 9.36520E-02 1.04328E-01 1.10481E-01 1.19594E-01
 1.26282E-01 1.36548E-01-2.27975E-01-2.25472E-01-2.14840E-01-2.08236E-01
-1.96273E-01-1.94335E-01-1.81643E-01-1.72742E-01-1.67574E-01-1.63726E-01
 4.59241E-02 5.38329E-02 6.18124E-02 8.45964E-02 9.30884E-02 1.04129E-01
 1.11112E-01 1.19800E-01 1.26071E-01 1.36959E-01-2.27479E-01-2.24769E-01
-2.14820E-01-2.07883E-01-1.96311E-01-1.94159E-01-1.82512E-01-1.73305E-01
-1.67899E-01-1.63914E-01 4.62951E-02 5.38997E-02 6.20080E-02 8.50246E-02
 9.25319E-02 1.03866E-01 1.11800E-01 1.19995E-01 1.25861E-01 1.37409E-01
-2.27104E-01-2.24023E-01-2.14778E-01-2.07542E-01-1.96409E-01-1.93907E-01
-1.83442E-01-1.73930E-01-1.68313E-01-1.64079E-01 4.66842E-02 5.39902E-02
 6.22022E-02 8.54684E-02 9.20010E-02 1.03556E-01 1.12523E-01 1.20155E-01
 1.25677E-01 1.37885E-01-2.26874E-01-2.23240E-01-2.14726E-01-2.07239E-01
-1.96528E-01-1.93612E-01-1.84416E-01-1.74610E-01-1.68810E-01-1.64225E-01
 4.70800E-02 5.41091E-02 6.23894E-02 8.59001E-02 9.15186E-02 1.03216E-01
 1.13261E-01 1.20248E-01 1.25545E-01 1.38373E-01-2.26796E-01-2.22434E-01
-2.14679E-01-2.07005E-01-1.96629E-01-1.93303E-01-1.85418E-01-1.75333E-01
-1.69378E-01-1.64359E-01 4.74707E-02 5.42605E-02 6.25653E-02 8.62755E-02
 9.11194E-02 1.02861E-01 1.13995E-01 1.20246E-01 1.25496E-01 1.38851E-01
-2.26864E-01-2.21631E-01-2.14653E-01-2.06873E-01-1.96680E-01-1.93012E-01
-1.86431E-01-1.76087E-01-1.70003E-01-1.64494E-01 4.78444E-02 5.44475E-02
 6.27276E-02 8.65294E-02 9.08557E-02 1.02506E-01 1.14708E-01 1.20126E-01
 1.25546E-01 1.39279E-01-2.27064E-01-2.20859E-01-2.14659E-01-2.06869E-01
-1.96658E-01-1.92770E-01-1.87429E-01-1.76856E-01-1.70669E-01-1.64639E-01
 4.81906E-02 5.46710E-02 6.28758E-02 8.65881E-02 9.07858E-02 1.02167E-01
 1.15380E-01 1.19884E-01 1.25700E-01 1.39514E-01-2.27385E-01-2.20146E-01
-2.14708E-01-2.07004E-01-1.96557E-01-1.92622E-01-1.88377E-01-1.77624E-01
-1.71361E-01-1.64804E-01 4.85008E-02 5.49293E-02 6.30112E-02 8.64137E-02
 9.09300E-02 1.01857E-01 1.15987E-01 1.19536E-01 1.25943E-01 1.39321E-01
-2.27816E-01-2.19527E-01-2.14803E-01-2.07267E-01-1.96393E-01-1.92636E-01
-1.89212E-01-1.78368E-01-1.72067E-01-1.64995E-01 4.87694E-02 5.52171E-02
 6.31368E-02 8.60319E-02 9.12450E-02 1.01590E-01 1.16494E-01 1.19116E-01
 1.26257E-01 1.38949E-01-2.28350E-01-2.19034E-01-2.14950E-01-2.07621E-01
-1.96203E-01-1.92901E-01-1.89848E-01-1.79069E-01-1.72773E-01-1.65217E-01
 4.89934E-02 5.55265E-02 6.32566E-02 8.54976E-02 9.16590E-02 1.01378E-01
 1.16825E-01 1.18695E-01 1.26626E-01 1.38621E-01-2.28981E-01-2.18701E-01
-2.15149E-01-2.08019E-01-1.96043E-01-1.93451E-01-1.90247E-01-1.79705E-01
-1.73467E-01-1.65473E-01 4.91723E-02 5.58478E-02 6.33746E-02 8.48578E-02
 9.21101E-02 1.01231E-01 1.16828E-01 1.18424E-01 1.27040E-01 1.38393E-01
-2.29704E-01-2.18557E-01-2.15401E-01-2.08414E-01-1.95999E-01-1.94174E-01
-1.90479E-01-1.80258E-01-1.74138E-01-1.65764E-01 4.93072E-02 5.61708E-02
 6.34946E-02 8.41448E-02 9.25547E-02 1.01158E-01 1.16414E-01 1.18387E-01
 1.27495E-01 1.38276E-01-2.30512E-01-2.18617E-01-2.15702E-01-2.08772E-01
-1.96239E-01-1.94835E-01-1.90644E-01-1.80717E-01-1.74773E-01-1.66089E-01
 4.93997E-02 5.64867E-02 6.36183E-02 8.33816E-02 9.29622E-02 1.01162E-01
 1.15738E-01 1.18433E-01 1.27992E-01 1.38266E-01-2.31392E-01-2.18877E-01
-2.16040E-01-2.09091E-01-1.96920E-01-1.95238E-01-1.90805E-01-1.81081E-01
-1.75360E-01-1.66445E-01 4.94519E-02 5.67889E-02 6.37456E-02 8.25869E-02
 9.33117E-02 1.01243E-01 1.14927E-01 1.18447E-01 1.28529E-01 1.38346E-01
-2.32311E-01-2.19305E-01-2.16404E-01-2.09395E-01-1.97870E-01-1.95525E-01
-1.90993E-01-1.81358E-01-1.75886E-01-1.66829E-01 4.94658E-02 5.70730E-02
 6.38739E-02 8.17784E-02 9.35891E-02 1.01398E-01 1.14033E-01 1.18398E-01
 1.29102E-01 1.38489E-01-2.33190E-01-2.19846E-01-2.16789E-01-2.09728E-01
-1.98909E-01-1.95843E-01-1.91229E-01-1.81563E-01-1.76339E-01-1.67235E-01
 4.94438E-02 5.73369E-02 6.39984E-02 8.09735E-02 9.37858E-02 1.01616E-01
 1.13082E-01 1.18292E-01 1.29704E-01 1.38665E-01-2.33848E-01-2.20432E-01
-2.17197E-01-2.10136E-01-1.99969E-01-1.96223E-01-1.91529E-01-1.81714E-01
-1.76710E-01-1.67656E-01 4.93887E-02 5.75786E-02 6.41133E-02 8.01905E-02
 9.38982E-02 1.01881E-01 1.12094E-01 1.18144E-01 1.30324E-01 1.38837E-01
-2.34120E-01-2.20997E-01-2.17634E-01-2.10657E-01-2.01021E-01-1.96660E-01
-1.91905E-01-1.81828E-01-1.76998E-01-1.68085E-01 4.93041E-02 5.77959E-02
 6.42128E-02 7.94479E-02 9.39264E-02 1.02167E-01 1.11093E-01 1.17975E-01
 1.30948E-01 1.38972E-01-2.34106E-01-2.21491E-01-2.18099E-01-2.11311E-01
-2.02053E-01-1.97146E-01-1.92359E-01-1.81913E-01-1.77205E-01-1.68513E-01
 4.91943E-02 5.79840E-02 6.42931E-02 7.87645E-02 9.38736E-02 1.02438E-01
 1.10113E-01 1.17804E-01 1.31564E-01 1.39037E-01-2.33982E-01-2.21878E-01
-2.18587E-01-2.12097E-01-2.03063E-01-1.97681E-01-1.92879E-01-1.81977E-01
-1.77342E-01-1.68933E-01 4.90647E-02 5.81351E-02 6.43539E-02 7.81580E-02
 9.37450E-02 1.02638E-01 1.09201E-01 1.17646E-01 1.32160E-01 1.39014E-01
-2.33844E-01-2.22158E-01-2.19084E-01-2.12994E-01-2.04055E-01-1.98279E-01
-1.93438E-01-1.82020E-01-1.77423E-01-1.69337E-01 4.89209E-02 5.82380E-02
 6.43994E-02 7.76438E-02 9.35474E-02 1.02688E-01 1.08433E-01 1.17516E-01
 1.32728E-01 1.38901E-01-2.33740E-01-2.22373E-01-2.19553E-01-2.13962E-01
-2.05039E-01-1.98961E-01-1.94000E-01-1.82044E-01-1.77464E-01-1.69717E-01
 4.87691E-02 5.82795E-02 6.44390E-02 7.72337E-02 9.32887E-02 1.02497E-01
 1.07890E-01 1.17427E-01 1.33257E-01 1.38712E-01-2.33686E-01-2.22629E-01
-2.19933E-01-2.14947E-01-2.06018E-01-1.99749E-01-1.94528E-01-1.82050E-01
-1.77481E-01-1.70068E-01 4.86153E-02 5.82467E-02 6.44856E-02 7.69343E-02
 9.29771E-02 1.02016E-01 1.07614E-01 1.17389E-01 1.33743E-01 1.38472E-01
-2.33678E-01-2.23051E-01-2.20192E-01-2.15865E-01-2.06994E-01-2.00652E-01
-1.94992E-01-1.82039E-01-1.77484E-01-1.70387E-01 4.84650E-02 5.81308E-02
 6.45525E-02 7.67468E-02 9.26210E-02 1.01287E-01 1.07558E-01 1.17411E-01
 1.34180E-01 1.38205E-01-2.33702E-01-2.23690E-01-2.20427E-01-2.16600E-01
-2.07956E-01-2.01658E-01-1.95381E-01-1.82016E-01-1.77482E-01-1.70670E-01
 4.83231E-02 5.79306E-02 6.46495E-02 7.66667E-02 9.22291E-02 1.00399E-01
 1.07628E-01 1.17499E-01 1.34564E-01 1.37933E-01-2.33738E-01-2.24511E-01
-2.20843E-01-2.17027E-01-2.08883E-01-2.02740E-01-1.95696E-01-1.81985E-01
-1.77480E-01-1.70918E-01 4.81934E-02 5.76542E-02 6.47800E-02 7.66848E-02
 9.18102E-02 9.94352E-02 1.07746E-01 1.17652E-01 1.34892E-01 1.37674E-01
-2.33769E-01-2.25461E-01-2.21527E-01-2.17165E-01-2.09741E-01-2.03855E-01
-1.95944E-01-1.81950E-01-1.77479E-01-1.71131E-01 4.80787E-02 5.73178E-02
 6.49411E-02 7.67882E-02 9.13735E-02 9.84519E-02 1.07861E-01 1.17868E-01
 1.35162E-01 1.37442E-01-2.33786E-01-2.26498E-01-2.22400E-01-2.17203E-01
-2.10474E-01-2.04959E-01-1.96135E-01-1.81916E-01-1.77479E-01-1.71312E-01
 4.79806E-02 5.69426E-02 6.51250E-02 7.69612E-02 9.09291E-02 9.74882E-02
 1.07949E-01 1.18135E-01 1.35371E-01 1.37247E-01-2.33787E-01-2.27589E-01
-2.23351E-01-2.17342E-01-2.11019E-01-2.06008E-01-1.96281E-01-1.81885E-01
-1.77478E-01-1.71464E-01 4.78997E-02 5.65511E-02 6.53217E-02 7.71862E-02
 9.04883E-02 9.65724E-02 1.08004E-01 1.18437E-01 1.35519E-01 1.37098E-01
-2.33787E-01-2.28703E-01-2.24300E-01-2.17700E-01-2.11334E-01-2.06959E-01
-1.96388E-01-1.81859E-01-1.77475E-01-1.71591E-01 4.78356E-02 5.61653E-02
 6.55203E-02 7.74440E-02 9.00639E-02 9.57269E-02 1.08027E-01 1.18755E-01
 1.35611E-01 1.36995E-01-2.33810E-01-2.29806E-01-2.25181E-01-2.18287E-01
-2.11446E-01-2.07780E-01-1.96464E-01-1.81839E-01-1.77470E-01-1.71694E-01
 4.77869E-02 5.58050E-02 6.57102E-02 7.77143E-02 8.96699E-02 9.49706E-02
 1.08025E-01 1.19068E-01 1.35658E-01 1.36932E-01-2.33900E-01-2.30861E-01
-2.25928E-01-2.19026E-01-2.11428E-01-2.08447E-01-1.96516E-01-1.81825E-01
-1.77463E-01-1.71777E-01 4.77517E-02 5.54869E-02 6.58815E-02 7.79759E-02
 8.93210E-02 9.43205E-02 1.08008E-01 1.19356E-01 1.35674E-01 1.36897E-01
-2.34097E-01-2.31813E-01-2.26483E-01-2.19802E-01-2.11361E-01-2.08949E-01
-1.96550E-01-1.81816E-01-1.77455E-01-1.71840E-01 4.77278E-02 5.52249E-02
 6.60252E-02 7.82079E-02 8.90319E-02 9.37928E-02 1.07984E-01 1.19602E-01
 1.35676E-01 1.36877E-01-2.34416E-01-2.32593E-01-2.26824E-01-2.20492E-01
-2.11300E-01-2.09285E-01-1.96570E-01-1.81810E-01-1.77448E-01-1.71885E-01
 4.77127E-02 5.50300E-02 6.61339E-02 7.83905E-02 8.88153E-02 9.34025E-02
 1.07961E-01 1.19789E-01 1.35672E-01 1.36866E-01-2.34786E-01-2.33113E-01
-2.26984E-01-2.20976E-01-2.11265E-01-2.09472E-01-1.96580E-01-1.81807E-01
-1.77444E-01-1.71912E-01 4.77046E-02 5.49099E-02 6.62016E-02 7.85075E-02
 8.86812E-02 9.31622E-02 1.07945E-01 1.19906E-01 1.35669E-01 1.36859E-01
-2.34978E-01-2.33297E-01-2.27025E-01-2.21152E-01-2.11255E-01-2.09531E-01
-1.96583E-01-1.81807E-01-1.77442E-01-1.71921E-01 4.77021E-02 5.48694E-02
 6.62246E-02 7.85478E-02 8.86358E-02 9.30811E-02 1.07939E-01 1.19945E-01
 1.35667E-01 1.36857E-01
-%-0BAND   20   29 0.00000E+00 1.07848E-02-1.62669E-01
-2.46244E-01 1.42585E-01
    1   -1    0    1   -1    1
-2.35060E-01-2.33138E-01-2.26993E-01-2.21081E-01-2.11336E-01-2.09536E-01
-1.96547E-01-1.81867E-01-1.77476E-01-1.71952E-01 4.76985E-02 5.48752E-02
 6.62235E-02 7.85191E-02 8.85922E-02 9.30560E-02 1.07953E-01 1.19886E-01
 1.35353E-01 1.37096E-01-2.35242E-01-2.32743E-01-2.26895E-01-2.20874E-01
-2.11589E-01-2.09530E-01-1.96447E-01-1.82045E-01-1.77580E-01-1.72046E-01
 4.76875E-02 5.48924E-02 6.62202E-02 7.84336E-02 8.84631E-02 9.29802E-02
 1.07992E-01 1.19708E-01 1.34726E-01 1.37496E-01-2.35454E-01-2.32228E-01
-2.26731E-01-2.20550E-01-2.12022E-01-2.09472E-01-1.96304E-01-1.82338E-01
-1.77753E-01-1.72198E-01 4.76689E-02 5.49207E-02 6.62148E-02 7.82928E-02
 8.82538E-02 9.28523E-02 1.08053E-01 1.19417E-01 1.34002E-01 1.37830E-01
-2.35673E-01-2.31664E-01-2.26499E-01-2.20136E-01-2.12615E-01-2.09334E-01
-1.96144E-01-1.82739E-01-1.77997E-01-1.72404E-01 4.76424E-02 5.49596E-02
 6.62073E-02 7.80993E-02 8.79718E-02 9.26713E-02 1.08128E-01 1.19023E-01
 1.33236E-01 1.38032E-01-2.35896E-01-2.31093E-01-2.26202E-01-2.19670E-01
-2.13320E-01-2.09105E-01-1.95999E-01-1.83240E-01-1.78311E-01-1.72657E-01
 4.76075E-02 5.50082E-02 6.61976E-02 7.78566E-02 8.76261E-02 9.24372E-02
 1.08208E-01 1.18535E-01 1.32449E-01 1.38083E-01-2.36123E-01-2.30542E-01
-2.25846E-01-2.19193E-01-2.14073E-01-2.08782E-01-1.95893E-01-1.83829E-01
-1.78695E-01-1.72950E-01 4.75640E-02 5.50656E-02 6.61853E-02 7.75689E-02
 8.72256E-02 9.21520E-02 1.08282E-01 1.17967E-01 1.31656E-01 1.37987E-01
-2.36349E-01-2.30028E-01-2.25448E-01-2.18758E-01-2.14792E-01-2.08366E-01
-1.95847E-01-1.84494E-01-1.79146E-01-1.73278E-01 4.75119E-02 5.51303E-02
 6.61694E-02 7.72415E-02 8.67790E-02 9.18202E-02 1.08336E-01 1.17332E-01
 1.30867E-01 1.37761E-01-2.36568E-01-2.29567E-01-2.25035E-01-2.18441E-01
-2.15363E-01-2.07862E-01-1.95878E-01-1.85221E-01-1.79658E-01-1.73633E-01
 4.74517E-02 5.52010E-02 6.61486E-02 7.68803E-02 8.62943E-02 9.14484E-02
 1.08354E-01 1.16645E-01 1.30092E-01 1.37427E-01-2.36780E-01-2.29170E-01
-2.24642E-01-2.18347E-01-2.15628E-01-2.07284E-01-1.95994E-01-1.85995E-01
-1.80224E-01-1.74012E-01 4.73839E-02 5.52759E-02 6.61208E-02 7.64915E-02
 8.57789E-02 9.10456E-02 1.08320E-01 1.15921E-01 1.29343E-01 1.37005E-01
-2.36983E-01-2.28852E-01-2.24304E-01-2.18499E-01-2.15506E-01-2.06653E-01
-1.96199E-01-1.86799E-01-1.80833E-01-1.74411E-01 4.73097E-02 5.53533E-02
 6.60831E-02 7.60820E-02 8.52397E-02 9.06219E-02 1.08218E-01 1.15176E-01
 1.28631E-01 1.36514E-01-2.37182E-01-2.28632E-01-2.24039E-01-2.18762E-01
-2.15086E-01-2.05997E-01-1.96487E-01-1.87616E-01-1.81473E-01-1.74831E-01
 4.72307E-02 5.54313E-02 6.60323E-02 7.56590E-02 8.46838E-02 9.01883E-02
 1.08029E-01 1.14425E-01 1.27965E-01 1.35970E-01-2.37380E-01-2.28526E-01
-2.23837E-01-2.19009E-01-2.14476E-01-2.05352E-01-1.96846E-01-1.88430E-01
-1.82130E-01-1.75270E-01 4.71485E-02 5.55082E-02 6.59644E-02 7.52296E-02
 8.41188E-02 8.97559E-02 1.07739E-01 1.13683E-01 1.27356E-01 1.35387E-01
-2.37580E-01-2.28537E-01-2.23666E-01-2.19202E-01-2.13734E-01-2.04754E-01
-1.97256E-01-1.89227E-01-1.82787E-01-1.75730E-01 4.70650E-02 5.55822E-02
 6.58754E-02 7.48011E-02 8.35526E-02 8.93351E-02 1.07335E-01 1.12967E-01
 1.26811E-01 1.34780E-01-2.37784E-01-2.28648E-01-2.23497E-01-2.19346E-01
-2.12896E-01-2.04244E-01-1.97683E-01-1.89994E-01-1.83427E-01-1.76211E-01
 4.69822E-02 5.56517E-02 6.57617E-02 7.43806E-02 8.29937E-02 8.89354E-02
 1.06811E-01 1.12288E-01 1.26332E-01 1.34162E-01-2.37995E-01-2.28824E-01
-2.23324E-01-2.19454E-01-2.11990E-01-2.03862E-01-1.98089E-01-1.90724E-01
-1.84034E-01-1.76714E-01 4.69019E-02 5.57152E-02 6.56204E-02 7.39748E-02
 8.24509E-02 8.85650E-02 1.06170E-01 1.11653E-01 1.25922E-01 1.33547E-01
-2.38211E-01-2.29024E-01-2.23160E-01-2.19531E-01-2.11045E-01-2.03645E-01
-1.98432E-01-1.91411E-01-1.84589E-01-1.77240E-01 4.68258E-02 5.57710E-02
 6.54499E-02 7.35902E-02 8.19325E-02 8.82307E-02 1.05423E-01 1.11067E-01
 1.25576E-01 1.32947E-01-2.38433E-01-2.29214E-01-2.23026E-01-2.19576E-01
-2.10086E-01-2.03601E-01-1.98685E-01-1.92052E-01-1.85077E-01-1.77786E-01
 4.67552E-02 5.58178E-02 6.52509E-02 7.32323E-02 8.14457E-02 8.79378E-02
 1.04589E-01 1.10527E-01 1.25289E-01 1.32372E-01-2.38661E-01-2.29376E-01
-2.22940E-01-2.19582E-01-2.09138E-01-2.03707E-01-1.98856E-01-1.92648E-01
-1.85484E-01-1.78351E-01 4.66914E-02 5.58543E-02 6.50263E-02 7.29058E-02
 8.09962E-02 8.76904E-02 1.03689E-01 1.10031E-01 1.25051E-01 1.31834E-01
-2.38895E-01-2.29504E-01-2.22908E-01-2.19550E-01-2.08222E-01-2.03901E-01
-1.98978E-01-1.93196E-01-1.85803E-01-1.78930E-01 4.66350E-02 5.58793E-02
 6.47815E-02 7.26145E-02 8.05877E-02 8.74915E-02 1.02748E-01 1.09578E-01
 1.24852E-01 1.31342E-01-2.39138E-01-2.29605E-01-2.22922E-01-2.19485E-01
-2.07364E-01-2.04112E-01-1.99097E-01-1.93694E-01-1.86031E-01-1.79519E-01
 4.65864E-02 5.58921E-02 6.45242E-02 7.23606E-02 8.02217E-02 8.73425E-02
 1.01788E-01 1.09165E-01 1.24685E-01 1.30902E-01-2.39393E-01-2.29691E-01
-2.22966E-01-2.19398E-01-2.06597E-01-2.04267E-01-1.99245E-01-1.94136E-01
-1.86172E-01-1.80109E-01 4.65457E-02 5.58923E-02 6.42638E-02 7.21452E-02
 7.98984E-02 8.72434E-02 1.00833E-01 1.08794E-01 1.24539E-01 1.30522E-01
-2.39662E-01-2.29776E-01-2.23021E-01-2.19299E-01-2.05973E-01-2.04290E-01
-1.99445E-01-1.94514E-01-1.86235E-01-1.80693E-01 4.65127E-02 5.58805E-02
 6.40100E-02 7.19679E-02 7.96164E-02 8.71924E-02 9.99038E-02 1.08465E-01
 1.24409E-01 1.30206E-01-2.39943E-01-2.29870E-01-2.23075E-01-2.19193E-01
-2.05552E-01-2.04113E-01-1.99703E-01-1.94822E-01-1.86234E-01-1.81260E-01
 4.64867E-02 5.58583E-02 6.37727E-02 7.18269E-02 7.93741E-02 8.71852E-02
 9.90238E-02 1.08178E-01 1.24289E-01 1.29952E-01-2.40227E-01-2.29976E-01
-2.23120E-01-2.19086E-01-2.05313E-01-2.03766E-01-2.00011E-01-1.95058E-01
-1.86182E-01-1.81798E-01 4.64670E-02 5.58284E-02 6.35601E-02 7.17191E-02
 7.91699E-02 8.72151E-02 9.82153E-02 1.07934E-01 1.24180E-01 1.29760E-01
-2.40501E-01-2.30089E-01-2.23155E-01-2.18981E-01-2.05148E-01-2.03370E-01
-2.00352E-01-1.95229E-01-1.86093E-01-1.82291E-01 4.64528E-02 5.57947E-02
 6.33792E-02 7.16403E-02 7.90026E-02 8.72718E-02 9.75023E-02 1.07734E-01
 1.24083E-01 1.29622E-01-2.40746E-01-2.30199E-01-2.23178E-01-2.18887E-01
-2.04999E-01-2.03010E-01-2.00696E-01-1.95343E-01-1.85985E-01-1.82721E-01
 4.64430E-02 5.57616E-02 6.32347E-02 7.15860E-02 7.88719E-02 8.73419E-02
 9.69095E-02 1.07579E-01 1.24001E-01 1.29530E-01-2.40940E-01-2.30291E-01
-2.23193E-01-2.18810E-01-2.04861E-01-2.02725E-01-2.01007E-01-1.95413E-01
-1.85876E-01-1.83065E-01 4.64368E-02 5.57337E-02 6.31299E-02 7.15514E-02
 7.87779E-02 8.74094E-02 9.64620E-02 1.07467E-01 1.23938E-01 1.29474E-01
-2.41066E-01-2.30353E-01-2.23201E-01-2.18760E-01-2.04757E-01-2.02534E-01
-2.01235E-01-1.95449E-01-1.85791E-01-1.83293E-01 4.64335E-02 5.57152E-02
 6.30664E-02 7.15325E-02 7.87212E-02 8.74584E-02 9.61824E-02 1.07401E-01
 1.23899E-01 1.29444E-01-2.41110E-01-2.30374E-01-2.23204E-01-2.18743E-01
-2.04718E-01-2.02464E-01-2.01322E-01-1.95460E-01-1.85759E-01-1.83373E-01
 4.64324E-02 5.57087E-02 6.30452E-02 7.15265E-02 7.87022E-02 8.74763E-02
 9.60872E-02 1.07379E-01 1.23885E-01 1.29435E-01
-%-0BAND   20   53 0.00000E+00 1.07623E-02-1.62669E-01
-2.46244E-01 1.42585E-01
    1   -1    1    0    0    0
-2.41090E-01-2.30408E-01-2.23199E-01-2.18697E-01-2.04882E-01-2.02535E-01
-2.01229E-01-1.95447E-01-1.85816E-01-1.83239E-01 4.64231E-02 5.57322E-02
 6.30741E-02 7.15572E-02 7.87058E-02 8.75047E-02 9.60916E-02 1.07445E-01
 1.23919E-01 1.29467E-01-2.41030E-01-2.30507E-01-2.23187E-01-2.18562E-01
-2.05328E-01-2.02737E-01-2.01001E-01-1.95410E-01-1.85943E-01-1.82884E-01
 4.63970E-02 5.58009E-02 6.31602E-02 7.16467E-02 7.87180E-02 8.75916E-02
 9.61055E-02 1.07642E-01 1.24020E-01 1.29563E-01-2.40929E-01-2.30668E-01
-2.23173E-01-2.18340E-01-2.05963E-01-2.03048E-01-2.00710E-01-1.95359E-01
-1.86071E-01-1.82390E-01 4.63592E-02 5.59100E-02 6.33017E-02 7.17876E-02
 7.87428E-02 8.77418E-02 9.61307E-02 1.07961E-01 1.24188E-01 1.29719E-01
-2.40786E-01-2.30885E-01-2.23164E-01-2.18042E-01-2.06711E-01-2.03455E-01
-2.00402E-01-1.95304E-01-1.86154E-01-1.81820E-01 4.63171E-02 5.60524E-02
 6.34952E-02 7.19686E-02 7.87872E-02 8.79622E-02 9.61699E-02 1.08391E-01
 1.24419E-01 1.29932E-01-2.40595E-01-2.31152E-01-2.23166E-01-2.17682E-01
-2.07513E-01-2.03932E-01-2.00094E-01-1.95248E-01-1.86181E-01-1.81217E-01
 4.62791E-02 5.62201E-02 6.37362E-02 7.21749E-02 7.88603E-02 8.82608E-02
 9.62260E-02 1.08916E-01 1.24709E-01 1.30195E-01-2.40347E-01-2.31460E-01
-2.23185E-01-2.17285E-01-2.08326E-01-2.04449E-01-1.99798E-01-1.95183E-01
-1.86155E-01-1.80605E-01 4.62532E-02 5.64055E-02 6.40187E-02 7.23902E-02
 7.89728E-02 8.86450E-02 9.63020E-02 1.09522E-01 1.25053E-01 1.30504E-01
-2.40028E-01-2.31804E-01-2.23223E-01-2.16882E-01-2.09116E-01-2.04968E-01
-1.99522E-01-1.95089E-01-1.86092E-01-1.80005E-01 4.62463E-02 5.66015E-02
 6.43358E-02 7.25991E-02 7.91353E-02 8.91205E-02 9.64005E-02 1.10190E-01
 1.25442E-01 1.30849E-01-2.39610E-01-2.32174E-01-2.23282E-01-2.16511E-01
-2.09858E-01-2.05446E-01-1.99269E-01-1.94942E-01-1.86012E-01-1.79427E-01
 4.62636E-02 5.68028E-02 6.46794E-02 7.27896E-02 7.93567E-02 8.96899E-02
 9.65238E-02 1.10908E-01 1.25865E-01 1.31227E-01-2.39048E-01-2.32560E-01
-2.23362E-01-2.16213E-01-2.10535E-01-2.05840E-01-1.99036E-01-1.94720E-01
-1.85934E-01-1.78880E-01 4.63077E-02 5.70051E-02 6.50408E-02 7.29554E-02
 7.96423E-02 9.03518E-02 9.66742E-02 1.11660E-01 1.26305E-01 1.31632E-01
-2.38276E-01-2.32951E-01-2.23463E-01-2.16022E-01-2.11137E-01-2.06117E-01
-1.98805E-01-1.94410E-01-1.85877E-01-1.78368E-01 4.63792E-02 5.72054E-02
 6.54105E-02 7.30975E-02 7.99927E-02 9.11001E-02 9.68548E-02 1.12435E-01
 1.26745E-01 1.32061E-01-2.37245E-01-2.33329E-01-2.23581E-01-2.15958E-01
-2.11654E-01-2.06265E-01-1.98549E-01-1.94011E-01-1.85854E-01-1.77892E-01
 4.64766E-02 5.74018E-02 6.57783E-02 7.32242E-02 8.04042E-02 9.19229E-02
 9.70705E-02 1.13221E-01 1.27166E-01 1.32514E-01-2.36029E-01-2.33657E-01
-2.23706E-01-2.16026E-01-2.12072E-01-2.06294E-01-1.98235E-01-1.93532E-01
-1.85874E-01-1.77451E-01 4.65962E-02 5.75928E-02 6.61331E-02 7.33494E-02
 8.08705E-02 9.28008E-02 9.73301E-02 1.14012E-01 1.27548E-01 1.32991E-01
-2.34930E-01-2.33733E-01-2.23816E-01-2.16213E-01-2.12374E-01-2.06233E-01
-1.97840E-01-1.92986E-01-1.85937E-01-1.77040E-01 4.67333E-02 5.77774E-02
 6.64631E-02 7.34909E-02 8.13838E-02 9.37035E-02 9.76505E-02 1.14798E-01
 1.27874E-01 1.33494E-01-2.34709E-01-2.32891E-01-2.23864E-01-2.16500E-01
-2.12547E-01-2.06110E-01-1.97356E-01-1.92388E-01-1.86042E-01-1.76656E-01
 4.68820E-02 5.79547E-02 6.67553E-02 7.36681E-02 8.19366E-02 9.45853E-02
 9.80623E-02 1.15573E-01 1.28135E-01 1.34019E-01-2.34818E-01-2.31720E-01
-2.23763E-01-2.16854E-01-2.12588E-01-2.05947E-01-1.96788E-01-1.91756E-01
-1.86176E-01-1.76292E-01 4.70360E-02 5.81234E-02 6.69974E-02 7.39001E-02
 8.25224E-02 9.53841E-02 9.86110E-02 1.16332E-01 1.28327E-01 1.34560E-01
-2.34488E-01-2.30732E-01-2.23389E-01-2.17246E-01-2.12508E-01-2.05748E-01
-1.96158E-01-1.91110E-01-1.86319E-01-1.75940E-01 4.71893E-02 5.82821E-02
 6.71790E-02 7.42021E-02 8.31361E-02 9.60408E-02 9.93388E-02 1.17068E-01
 1.28453E-01 1.35110E-01-2.33815E-01-2.30045E-01-2.22645E-01-2.17649E-01
-2.12320E-01-2.05512E-01-1.95490E-01-1.90482E-01-1.86440E-01-1.75592E-01
 4.73365E-02 5.84288E-02 6.72933E-02 7.45837E-02 8.37743E-02 9.65376E-02
 1.00246E-01 1.17776E-01 1.28522E-01 1.35656E-01-2.33246E-01-2.29584E-01
-2.21557E-01-2.18036E-01-2.12039E-01-2.05230E-01-1.94812E-01-1.89912E-01
-1.86492E-01-1.75240E-01 4.74732E-02 5.85612E-02 6.73387E-02 7.50469E-02
 8.44354E-02 9.69011E-02 1.01291E-01 1.18451E-01 1.28543E-01 1.36188E-01
-2.32941E-01-2.29153E-01-2.20280E-01-2.18352E-01-2.11676E-01-2.04896E-01
-1.94146E-01-1.89450E-01-1.86422E-01-1.74874E-01 4.75960E-02 5.86766E-02
 6.73181E-02 7.55864E-02 8.51192E-02 9.71676E-02 1.02419E-01 1.19087E-01
 1.28528E-01 1.36697E-01-2.32929E-01-2.28626E-01-2.19322E-01-2.18204E-01
-2.11240E-01-2.04501E-01-1.93508E-01-1.89124E-01-1.86197E-01-1.74485E-01
 4.77032E-02 5.87722E-02 6.72377E-02 7.61908E-02 8.58272E-02 9.73632E-02
 1.03591E-01 1.19682E-01 1.28484E-01 1.37176E-01-2.33116E-01-2.28029E-01
-2.19339E-01-2.17016E-01-2.10732E-01-2.04038E-01-1.92907E-01-1.88906E-01
-1.85839E-01-1.74065E-01 4.77940E-02 5.88448E-02 6.71054E-02 7.68447E-02
 8.65616E-02 9.75029E-02 1.04777E-01 1.20231E-01 1.28417E-01 1.37620E-01
-2.33384E-01-2.27445E-01-2.19519E-01-2.15660E-01-2.10145E-01-2.03503E-01
-1.92348E-01-1.88729E-01-1.85414E-01-1.73609E-01 4.78687E-02 5.88915E-02
 6.69297E-02 7.75304E-02 8.73253E-02 9.75951E-02 1.05959E-01 1.20734E-01
 1.28328E-01 1.38027E-01-2.33649E-01-2.26953E-01-2.19626E-01-2.14420E-01
-2.09450E-01-2.02890E-01-1.91827E-01-1.88531E-01-1.84982E-01-1.73116E-01
 4.79284E-02 5.89095E-02 6.67189E-02 7.82297E-02 8.81203E-02 9.76457E-02
 1.07120E-01 1.21191E-01 1.28215E-01 1.38396E-01-2.33874E-01-2.26599E-01
-2.19611E-01-2.13394E-01-2.08613E-01-2.02197E-01-1.91336E-01-1.88275E-01
-1.84580E-01-1.72589E-01 4.79745E-02 5.88958E-02 6.64810E-02 7.89249E-02
 8.89469E-02 9.76600E-02 1.08249E-01 1.21604E-01 1.28072E-01 1.38727E-01
-2.34048E-01-2.26394E-01-2.19465E-01-2.12629E-01-2.07614E-01-2.01427E-01
-1.90869E-01-1.87943E-01-1.84225E-01-1.72034E-01 4.80089E-02 5.88477E-02
 6.62240E-02 7.96002E-02 8.98015E-02 9.76451E-02 1.09334E-01 1.21977E-01
 1.27892E-01 1.39021E-01-2.34172E-01-2.26310E-01-2.19206E-01-2.12108E-01
-2.06479E-01-2.00587E-01-1.90428E-01-1.87523E-01-1.83918E-01-1.71462E-01
 4.80332E-02 5.87624E-02 6.59557E-02 8.02427E-02 9.06742E-02 9.76120E-02
 1.10369E-01 1.22314E-01 1.27665E-01 1.39277E-01-2.34240E-01-2.26294E-01
-2.18877E-01-2.11773E-01-2.05257E-01-1.99691E-01-1.90022E-01-1.87011E-01
-1.83649E-01-1.70887E-01 4.80488E-02 5.86375E-02 6.56835E-02 8.08427E-02
 9.15456E-02 9.75790E-02 1.11343E-01 1.22617E-01 1.27386E-01 1.39494E-01
-2.34201E-01-2.26285E-01-2.18520E-01-2.11557E-01-2.03997E-01-1.98758E-01
-1.89664E-01-1.86407E-01-1.83400E-01-1.70319E-01 4.80568E-02 5.84712E-02
 6.54146E-02 8.13942E-02 9.23810E-02 9.75769E-02 1.12251E-01 1.22888E-01
 1.27049E-01 1.39664E-01-2.33899E-01-2.26228E-01-2.18179E-01-2.11396E-01
-2.02735E-01-1.97810E-01-1.89362E-01-1.85727E-01-1.83141E-01-1.69771E-01
 4.80577E-02 5.82629E-02 6.51552E-02 8.18947E-02 9.31242E-02 9.76562E-02
 1.13082E-01 1.23130E-01 1.26657E-01 1.39780E-01-2.33212E-01-2.26088E-01
-2.17886E-01-2.11237E-01-2.01494E-01-1.96869E-01-1.89114E-01-1.85010E-01
-1.82828E-01-1.69251E-01 4.80512E-02 5.80131E-02 6.49100E-02 8.23439E-02
 9.36986E-02 9.78861E-02 1.13828E-01 1.23339E-01 1.26215E-01 1.39831E-01
-2.32336E-01-2.25849E-01-2.17670E-01-2.11029E-01-2.00297E-01-1.95957E-01
-1.88911E-01-1.84322E-01-1.82391E-01-1.68766E-01 4.80363E-02 5.77246E-02
 6.46820E-02 8.27439E-02 9.40410E-02 9.83215E-02 1.14479E-01 1.23510E-01
 1.25743E-01 1.39806E-01-2.31463E-01-2.25525E-01-2.17552E-01-2.10735E-01
-1.99161E-01-1.95100E-01-1.88734E-01-1.83732E-01-1.81762E-01-1.68318E-01
 4.80115E-02 5.74023E-02 6.44721E-02 8.30981E-02 9.41531E-02 9.89518E-02
 1.15021E-01 1.23624E-01 1.25275E-01 1.39701E-01-2.30657E-01-2.25153E-01
-2.17544E-01-2.10335E-01-1.98107E-01-1.94320E-01-1.88560E-01-1.83243E-01
-1.80939E-01-1.67908E-01 4.79742E-02 5.70533E-02 6.42794E-02 8.34104E-02
 9.40934E-02 9.97098E-02 1.15439E-01 1.23627E-01 1.24889E-01 1.39517E-01
-2.29925E-01-2.24778E-01-2.17645E-01-2.09830E-01-1.97156E-01-1.93638E-01
-1.88361E-01-1.82794E-01-1.79980E-01-1.67534E-01 4.79214E-02 5.66864E-02
 6.41009E-02 8.36850E-02 9.39260E-02 1.00523E-01 1.15721E-01 1.23426E-01
 1.24704E-01 1.39271E-01-2.29257E-01-2.24437E-01-2.17847E-01-2.09243E-01
-1.96331E-01-1.93067E-01-1.88111E-01-1.82329E-01-1.78943E-01-1.67191E-01
 4.78494E-02 5.63118E-02 6.39328E-02 8.39257E-02 9.36973E-02 1.01339E-01
 1.15855E-01 1.23040E-01 1.24725E-01 1.38982E-01-2.28646E-01-2.24149E-01
-2.18136E-01-2.08613E-01-1.95657E-01-1.92606E-01-1.87789E-01-1.81814E-01
-1.77863E-01-1.66876E-01 4.77545E-02 5.59400E-02 6.37705E-02 8.41353E-02
 9.34384E-02 1.02119E-01 1.15839E-01 1.22584E-01 1.24859E-01 1.38672E-01
-2.28097E-01-2.23912E-01-2.18499E-01-2.07985E-01-1.95157E-01-1.92239E-01
-1.87385E-01-1.81230E-01-1.76764E-01-1.66581E-01 4.76331E-02 5.55818E-02
 6.36093E-02 8.43154E-02 9.31722E-02 1.02841E-01 1.15682E-01 1.22117E-01
 1.25054E-01 1.38358E-01-2.27630E-01-2.23703E-01-2.18918E-01-2.07405E-01
-1.94836E-01-1.91954E-01-1.86898E-01-1.80574E-01-1.75662E-01-1.66300E-01
 4.74826E-02 5.52467E-02 6.34448E-02 8.44653E-02 9.29175E-02 1.03486E-01
 1.15405E-01 1.21660E-01 1.25288E-01 1.38054E-01-2.27277E-01-2.23494E-01
-2.19371E-01-2.06914E-01-1.94674E-01-1.91757E-01-1.86328E-01-1.79849E-01
-1.74572E-01-1.66028E-01 4.73018E-02 5.49424E-02 6.32734E-02 8.45819E-02
 9.26924E-02 1.04044E-01 1.15031E-01 1.21220E-01 1.25545E-01 1.37766E-01
-2.27070E-01-2.23276E-01-2.19817E-01-2.06541E-01-1.94632E-01-1.91667E-01
-1.85676E-01-1.79064E-01-1.73508E-01-1.65760E-01 4.70917E-02 5.46745E-02
 6.30927E-02 8.46599E-02 9.25154E-02 1.04510E-01 1.14583E-01 1.20799E-01
 1.25812E-01 1.37497E-01-2.27019E-01-2.23106E-01-2.20167E-01-2.06305E-01
-1.94669E-01-1.91701E-01-1.84953E-01-1.78236E-01-1.72485E-01-1.65493E-01
 4.68553E-02 5.44457E-02 6.29012E-02 8.46921E-02 9.24051E-02 1.04885E-01
 1.14080E-01 1.20405E-01 1.26073E-01 1.37246E-01-2.27108E-01-2.23135E-01
-2.20271E-01-2.06215E-01-1.94749E-01-1.91860E-01-1.84177E-01-1.77379E-01
-1.71517E-01-1.65223E-01 4.65981E-02 5.42561E-02 6.26994E-02 8.46718E-02
 9.23786E-02 1.05171E-01 1.13531E-01 1.20046E-01 1.26316E-01 1.37010E-01
-2.27306E-01-2.23469E-01-2.20034E-01-2.06268E-01-1.94852E-01-1.92128E-01
-1.83372E-01-1.76512E-01-1.70620E-01-1.64948E-01 4.63272E-02 5.41036E-02
 6.24889E-02 8.45956E-02 9.24488E-02 1.05377E-01 1.12944E-01 1.19733E-01
 1.26528E-01 1.36784E-01-2.27581E-01-2.24042E-01-2.19538E-01-2.06451E-01
-1.94970E-01-1.92477E-01-1.82566E-01-1.75652E-01-1.69807E-01-1.64666E-01
 4.60510E-02 5.39846E-02 6.22728E-02 8.44653E-02 9.26214E-02 1.05507E-01
 1.12328E-01 1.19471E-01 1.26701E-01 1.36566E-01-2.27910E-01-2.24742E-01
-2.18903E-01-2.06746E-01-1.95105E-01-1.92870E-01-1.81785E-01-1.74815E-01
-1.69094E-01-1.64375E-01 4.57781E-02 5.38945E-02 6.20557E-02 8.42892E-02
 9.28938E-02 1.05566E-01 1.11695E-01 1.19265E-01 1.26834E-01 1.36354E-01
-2.28278E-01-2.25492E-01-2.18202E-01-2.07131E-01-1.95275E-01-1.93260E-01
-1.81052E-01-1.74017E-01-1.68490E-01-1.64078E-01 4.55169E-02 5.38284E-02
 6.18428E-02 8.40810E-02 9.32548E-02 1.05556E-01 1.11068E-01 1.19111E-01
 1.26924E-01 1.36150E-01-2.28678E-01-2.26235E-01-2.17480E-01-2.07579E-01
-1.95500E-01-1.93599E-01-1.80386E-01-1.73274E-01-1.67999E-01-1.63780E-01
 4.52751E-02 5.37815E-02 6.16404E-02 8.38573E-02 9.36860E-02 1.05471E-01
 1.10473E-01 1.19004E-01 1.26977E-01 1.35957E-01-2.29117E-01-2.26917E-01
-2.16769E-01-2.08064E-01-1.95788E-01-1.93852E-01-1.79801E-01-1.72603E-01
-1.67621E-01-1.63491E-01 4.50594E-02 5.37496E-02 6.14549E-02 8.36352E-02
 9.41626E-02 1.05310E-01 1.09944E-01 1.18936E-01 1.26998E-01 1.35779E-01
-2.29599E-01-2.27487E-01-2.16095E-01-2.08555E-01-1.96113E-01-1.94018E-01
-1.79309E-01-1.72021E-01-1.67344E-01-1.63224E-01 4.48755E-02 5.37287E-02
 6.12926E-02 8.34305E-02 9.46528E-02 1.05079E-01 1.09508E-01 1.18898E-01
 1.26997E-01 1.35624E-01-2.30102E-01-2.27917E-01-2.15492E-01-2.09019E-01
-1.96431E-01-1.94116E-01-1.78918E-01-1.71542E-01-1.67155E-01-1.62996E-01
 4.47279E-02 5.37159E-02 6.11594E-02 8.32568E-02 9.51170E-02 1.04803E-01
 1.09181E-01 1.18881E-01 1.26983E-01 1.35496E-01-2.30568E-01-2.28204E-01
-2.14997E-01-2.09414E-01-1.96693E-01-1.94171E-01-1.78635E-01-1.71185E-01
-1.67036E-01-1.62822E-01 4.46202E-02 5.37085E-02 6.10604E-02 8.31250E-02
 9.55073E-02 1.04534E-01 1.08961E-01 1.18875E-01 1.26964E-01 1.35401E-01
-2.30908E-01-2.28368E-01-2.14663E-01-2.09688E-01-1.96864E-01-1.94199E-01
-1.78464E-01-1.70963E-01-1.66973E-01-1.62713E-01 4.45545E-02 5.37048E-02
 6.09994E-02 8.30429E-02 9.57716E-02 1.04335E-01 1.08837E-01 1.18874E-01
 1.26950E-01 1.35342E-01-2.31033E-01-2.28420E-01-2.14544E-01-2.09788E-01
-1.96924E-01-1.94207E-01-1.78407E-01-1.70888E-01-1.66953E-01-1.62676E-01
 4.45325E-02 5.37037E-02 6.09788E-02 8.30150E-02 9.58657E-02 1.04261E-01
 1.08797E-01 1.18875E-01 1.26945E-01 1.35322E-01
-%-0BAND   20   42 0.00000E+00 1.08699E-02-1.62669E-01
-2.46244E-01 1.42585E-01
    0    0    0    0    1    1
-2.30946E-01-2.28422E-01-2.14519E-01-2.09774E-01-1.96959E-01-1.94179E-01
-1.78455E-01-1.70979E-01-1.66979E-01-1.62704E-01 4.45459E-02 5.37309E-02
 6.09902E-02 8.30087E-02 9.58696E-02 1.04253E-01 1.08846E-01 1.18893E-01
 1.26934E-01 1.35351E-01-2.30691E-01-2.28429E-01-2.14449E-01-2.09734E-01
-1.97058E-01-1.94101E-01-1.78601E-01-1.71250E-01-1.67059E-01-1.62789E-01
 4.45863E-02 5.38115E-02 6.10246E-02 8.29904E-02 9.58815E-02 1.04231E-01
 1.08990E-01 1.18949E-01 1.26903E-01 1.35434E-01-2.30287E-01-2.28443E-01
-2.14340E-01-2.09664E-01-1.97212E-01-1.93986E-01-1.78841E-01-1.71690E-01
-1.67194E-01-1.62930E-01 4.46546E-02 5.39418E-02 6.10821E-02 8.29612E-02
 9.59009E-02 1.04196E-01 1.09222E-01 1.19045E-01 1.26856E-01 1.35558E-01
-2.29768E-01-2.28459E-01-2.14206E-01-2.09560E-01-1.97408E-01-1.93852E-01
-1.79174E-01-1.72286E-01-1.67388E-01-1.63125E-01 4.47521E-02 5.41163E-02
 6.11628E-02 8.29231E-02 9.59276E-02 1.04152E-01 1.09530E-01 1.19182E-01
 1.26799E-01 1.35708E-01-2.29218E-01-2.28430E-01-2.14065E-01-2.09420E-01
-1.97638E-01-1.93716E-01-1.79594E-01-1.73021E-01-1.67642E-01-1.63372E-01
 4.48802E-02 5.43280E-02 6.12666E-02 8.28783E-02 9.59613E-02 1.04102E-01
 1.09899E-01 1.19364E-01 1.26738E-01 1.35861E-01-2.28917E-01-2.28109E-01
-2.13935E-01-2.09238E-01-1.97897E-01-1.93594E-01-1.80094E-01-1.73876E-01
-1.67957E-01-1.63668E-01 4.50401E-02 5.45693E-02 6.13931E-02 8.28295E-02
 9.60020E-02 1.04050E-01 1.10311E-01 1.19596E-01 1.26680E-01 1.35996E-01
-2.28938E-01-2.27456E-01-2.13838E-01-2.09013E-01-1.98186E-01-1.93503E-01
-1.80664E-01-1.74829E-01-1.68330E-01-1.64010E-01 4.52327E-02 5.48321E-02
 6.15413E-02 8.27788E-02 9.60500E-02 1.03998E-01 1.10745E-01 1.19884E-01
 1.26627E-01 1.36092E-01-2.29057E-01-2.26726E-01-2.13788E-01-2.08748E-01
-1.98507E-01-1.93458E-01-1.81287E-01-1.75857E-01-1.68760E-01-1.64394E-01
 4.54582E-02 5.51092E-02 6.17093E-02 8.27283E-02 9.61059E-02 1.03950E-01
 1.11180E-01 1.20231E-01 1.26580E-01 1.36137E-01-2.29214E-01-2.26001E-01
-2.13797E-01-2.08455E-01-1.98870E-01-1.93474E-01-1.81945E-01-1.76936E-01
-1.69244E-01-1.64815E-01 4.57163E-02 5.53941E-02 6.18946E-02 8.26795E-02
 9.61712E-02 1.03906E-01 1.11597E-01 1.20639E-01 1.26539E-01 1.36126E-01
-2.29393E-01-2.25315E-01-2.13870E-01-2.08149E-01-1.99292E-01-1.93561E-01
-1.82614E-01-1.78041E-01-1.69777E-01-1.65270E-01 4.60058E-02 5.56819E-02
 6.20936E-02 8.26329E-02 9.62476E-02 1.03867E-01 1.11978E-01 1.21107E-01
 1.26499E-01 1.36068E-01-2.29590E-01-2.24690E-01-2.14006E-01-2.07854E-01
-1.99793E-01-1.93722E-01-1.83273E-01-1.79144E-01-1.70357E-01-1.65753E-01
 4.63250E-02 5.59690E-02 6.23021E-02 8.25886E-02 9.63375E-02 1.03834E-01
 1.12312E-01 1.21623E-01 1.26454E-01 1.35982E-01-2.29800E-01-2.24141E-01
-2.14199E-01-2.07596E-01-2.00401E-01-1.93945E-01-1.83908E-01-1.80214E-01
-1.70980E-01-1.66260E-01 4.66711E-02 5.62535E-02 6.25157E-02 8.25455E-02
 9.64438E-02 1.03804E-01 1.12594E-01 1.22168E-01 1.26397E-01 1.35894E-01
-2.30025E-01-2.23679E-01-2.14442E-01-2.07408E-01-2.01139E-01-1.94202E-01
-1.84530E-01-1.81211E-01-1.71642E-01-1.66784E-01 4.70412E-02 5.65349E-02
 6.27295E-02 8.25020E-02 9.65693E-02 1.03774E-01 1.12825E-01 1.22707E-01
 1.26328E-01 1.35836E-01-2.30265E-01-2.23316E-01-2.14721E-01-2.07327E-01
-2.02015E-01-1.94459E-01-1.85177E-01-1.82084E-01-1.72338E-01-1.67323E-01
 4.74315E-02 5.68137E-02 6.29394E-02 8.24560E-02 9.67168E-02 1.03740E-01
 1.13009E-01 1.23189E-01 1.26261E-01 1.35839E-01-2.30522E-01-2.23066E-01
-2.15018E-01-2.07410E-01-2.02995E-01-1.94683E-01-1.85900E-01-1.82783E-01
-1.73065E-01-1.67870E-01 4.78377E-02 5.70916E-02 6.31417E-02 8.24051E-02
 9.68885E-02 1.03699E-01 1.13154E-01 1.23532E-01 1.26243E-01 1.35931E-01
-2.30797E-01-2.22948E-01-2.15313E-01-2.07744E-01-2.03986E-01-1.94859E-01
-1.86725E-01-1.83295E-01-1.73818E-01-1.68423E-01 4.82553E-02 5.73707E-02
 6.33335E-02 8.23473E-02 9.70856E-02 1.03644E-01 1.13269E-01 1.23641E-01
 1.26341E-01 1.36126E-01-2.31093E-01-2.22983E-01-2.15586E-01-2.08436E-01
-2.04848E-01-1.94990E-01-1.87629E-01-1.83655E-01-1.74589E-01-1.68979E-01
 4.86790E-02 5.76535E-02 6.35132E-02 8.22807E-02 9.73078E-02 1.03570E-01
 1.13361E-01 1.23472E-01 1.26584E-01 1.36428E-01-2.31407E-01-2.23188E-01
-2.15837E-01-2.09501E-01-2.05501E-01-1.95092E-01-1.88565E-01-1.83922E-01
-1.75373E-01-1.69533E-01 4.91037E-02 5.79426E-02 6.36798E-02 8.22045E-02
 9.75531E-02 1.03474E-01 1.13437E-01 1.23071E-01 1.26923E-01 1.36829E-01
-2.31738E-01-2.23567E-01-2.16104E-01-2.10790E-01-2.06001E-01-1.95195E-01
-1.89486E-01-1.84146E-01-1.76160E-01-1.70086E-01 4.95236E-02 5.82408E-02
 6.38337E-02 8.21188E-02 9.78175E-02 1.03352E-01 1.13499E-01 1.22507E-01
 1.27294E-01 1.37311E-01-2.32081E-01-2.24108E-01-2.16501E-01-2.12069E-01
-2.06424E-01-1.95339E-01-1.90346E-01-1.84367E-01-1.76940E-01-1.70634E-01
 4.99333E-02 5.85501E-02 6.39761E-02 8.20247E-02 9.80947E-02 1.03204E-01
 1.13550E-01 1.21835E-01 1.27661E-01 1.37851E-01-2.32431E-01-2.24783E-01
-2.17224E-01-2.13083E-01-2.06800E-01-1.95568E-01-1.91100E-01-1.84615E-01
-1.77704E-01-1.71178E-01 5.03273E-02 5.88718E-02 6.41091E-02 8.19244E-02
 9.83759E-02 1.03031E-01 1.13584E-01 1.21093E-01 1.28005E-01 1.38424E-01
-2.32783E-01-2.25554E-01-2.18393E-01-2.13702E-01-2.07122E-01-1.95923E-01
-1.91710E-01-1.84913E-01-1.78439E-01-1.71716E-01 5.07005E-02 5.92057E-02
 6.42362E-02 8.18210E-02 9.86495E-02 1.02839E-01 1.13592E-01 1.20314E-01
 1.28316E-01 1.39006E-01-2.33127E-01-2.26385E-01-2.19885E-01-2.14058E-01
-2.07357E-01-1.96415E-01-1.92167E-01-1.85278E-01-1.79135E-01-1.72250E-01
 5.10485E-02 5.95494E-02 6.43620E-02 8.17182E-02 9.89005E-02 1.02639E-01
 1.13556E-01 1.19534E-01 1.28592E-01 1.39576E-01-2.33444E-01-2.27239E-01
-2.21515E-01-2.14341E-01-2.07470E-01-1.97018E-01-1.92499E-01-1.85719E-01
-1.79784E-01-1.72779E-01 5.13681E-02 5.98979E-02 6.44932E-02 8.16199E-02
 9.91098E-02 1.02444E-01 1.13447E-01 1.18793E-01 1.28833E-01 1.40115E-01
-2.33688E-01-2.28089E-01-2.23149E-01-2.14657E-01-2.07437E-01-1.97683E-01
-1.92752E-01-1.86240E-01-1.80381E-01-1.73306E-01 5.16568E-02 6.02430E-02
 6.46381E-02 8.15304E-02 9.92548E-02 1.02275E-01 1.13227E-01 1.18141E-01
 1.29039E-01 1.40606E-01-2.33757E-01-2.28923E-01-2.24654E-01-2.15039E-01
-2.07254E-01-1.98363E-01-1.92972E-01-1.86835E-01-1.80929E-01-1.73834E-01
 5.19136E-02 6.05728E-02 6.48072E-02 8.14533E-02 9.93123E-02 1.02153E-01
 1.12858E-01 1.17621E-01 1.29213E-01 1.41038E-01-2.33610E-01-2.29750E-01
-2.25815E-01-2.15469E-01-2.06942E-01-1.99019E-01-1.93190E-01-1.87495E-01
-1.81431E-01-1.74364E-01 5.21385E-02 6.08736E-02 6.50121E-02 8.13922E-02
 9.92685E-02 1.02092E-01 1.12326E-01 1.17256E-01 1.29359E-01 1.41399E-01
-2.33596E-01-2.30586E-01-2.26297E-01-2.15910E-01-2.06530E-01-1.99619E-01
-1.93425E-01-1.88202E-01-1.81897E-01-1.74901E-01 5.23325E-02 6.11311E-02
 6.52632E-02 8.13495E-02 9.91273E-02 1.02085E-01 1.11655E-01 1.17028E-01
 1.29482E-01 1.41684E-01-2.34155E-01-2.31403E-01-2.25896E-01-2.16319E-01
-2.06049E-01-2.00139E-01-1.93687E-01-1.88940E-01-1.82336E-01-1.75449E-01
 5.24972E-02 6.13348E-02 6.55671E-02 8.13269E-02 9.89089E-02 1.02112E-01
 1.10895E-01 1.16896E-01 1.29587E-01 1.41889E-01-2.35204E-01-2.32182E-01
-2.24837E-01-2.16656E-01-2.05526E-01-2.00556E-01-1.93980E-01-1.89691E-01
-1.82757E-01-1.76010E-01 5.26350E-02 6.14802E-02 6.59236E-02 8.13251E-02
 9.86389E-02 1.02143E-01 1.10101E-01 1.16817E-01 1.29682E-01 1.42015E-01
-2.36389E-01-2.32954E-01-2.23473E-01-2.16889E-01-2.04984E-01-2.00849E-01
-1.94302E-01-1.90434E-01-1.83168E-01-1.76586E-01 5.27482E-02 6.15697E-02
 6.63253E-02 8.13432E-02 9.83402E-02 1.02147E-01 1.09325E-01 1.16758E-01
 1.29774E-01 1.42067E-01-2.37503E-01-2.33721E-01-2.22055E-01-2.16984E-01
-2.04441E-01-2.01001E-01-1.94649E-01-1.91148E-01-1.83578E-01-1.77179E-01
 5.28397E-02 6.16107E-02 6.67599E-02 8.13795E-02 9.80305E-02 1.02100E-01
 1.08611E-01 1.16695E-01 1.29867E-01 1.42051E-01-2.38535E-01-2.34460E-01
-2.20764E-01-2.16896E-01-2.03904E-01-2.01005E-01-1.95014E-01-1.91811E-01
-1.83993E-01-1.77787E-01 5.29120E-02 6.16131E-02 6.72126E-02 8.14310E-02
 9.77227E-02 1.01977E-01 1.08000E-01 1.16614E-01 1.29967E-01 1.41981E-01
-2.39553E-01-2.35135E-01-2.19754E-01-2.16564E-01-2.03374E-01-2.00870E-01
-1.95392E-01-1.92395E-01-1.84422E-01-1.78405E-01 5.29678E-02 6.15872E-02
 6.76680E-02 8.14936E-02 9.74262E-02 1.01769E-01 1.07518E-01 1.16508E-01
 1.30076E-01 1.41867E-01-2.40607E-01-2.35716E-01-2.19106E-01-2.15978E-01
-2.02842E-01-2.00623E-01-1.95773E-01-1.92870E-01-1.84871E-01-1.79023E-01
 5.30098E-02 6.15425E-02 6.81116E-02 8.15626E-02 9.71480E-02 1.01480E-01
 1.07175E-01 1.16377E-01 1.30192E-01 1.41725E-01-2.41703E-01-2.36191E-01
-2.18741E-01-2.15264E-01-2.02310E-01-2.00307E-01-1.96151E-01-1.93201E-01
-1.85345E-01-1.79629E-01 5.30403E-02 6.14875E-02 6.85297E-02 8.16331E-02
 9.68935E-02 1.01135E-01 1.06959E-01 1.16225E-01 1.30313E-01 1.41568E-01
-2.42811E-01-2.36565E-01-2.18530E-01-2.14575E-01-2.01799E-01-1.99958E-01
-1.96515E-01-1.93359E-01-1.85849E-01-1.80202E-01 5.30616E-02 6.14291E-02
 6.89097E-02 8.17003E-02 9.66669E-02 1.00771E-01 1.06844E-01 1.16062E-01
 1.30433E-01 1.41409E-01-2.43876E-01-2.36848E-01-2.18397E-01-2.13991E-01
-2.01351E-01-1.99607E-01-1.96854E-01-1.93328E-01-1.86379E-01-1.80720E-01
 5.30759E-02 6.13735E-02 6.92398E-02 8.17601E-02 9.64724E-02 1.00424E-01
 1.06798E-01 1.15900E-01 1.30545E-01 1.41260E-01-2.44827E-01-2.37053E-01
-2.18310E-01-2.13539E-01-2.01005E-01-1.99272E-01-1.97161E-01-1.93125E-01
-1.86920E-01-1.81156E-01 5.30849E-02 6.13253E-02 6.95094E-02 8.18091E-02
 9.63143E-02 1.00127E-01 1.06793E-01 1.15753E-01 1.30643E-01 1.41133E-01
-2.45584E-01-2.37191E-01-2.18254E-01-2.13222E-01-2.00778E-01-1.98973E-01
-1.97424E-01-1.92815E-01-1.87428E-01-1.81486E-01 5.30902E-02 6.12882E-02
 6.97094E-02 8.18454E-02 9.61969E-02 9.99011E-02 1.06807E-01 1.15636E-01
 1.30719E-01 1.41035E-01-2.46074E-01-2.37271E-01-2.18222E-01-2.13034E-01
-2.00656E-01-1.98742E-01-1.97624E-01-1.92523E-01-1.87817E-01-1.81693E-01
 5.30929E-02 6.12649E-02 6.98324E-02 8.18674E-02 9.61245E-02 9.97607E-02
 1.06822E-01 1.15560E-01 1.30766E-01 1.40974E-01-2.46244E-01-2.37298E-01
-2.18212E-01-2.12972E-01-2.00619E-01-1.98648E-01-1.97707E-01-1.92400E-01
-1.87968E-01-1.81763E-01 5.30937E-02 6.12570E-02 6.98739E-02 8.18749E-02
 9.60999E-02 9.97131E-02 1.06828E-01 1.15533E-01 1.30783E-01 1.40953E-01
-%-0BAND   20   30 0.00000E+00 1.09139E-02-1.62669E-01
-2.46244E-01 1.42585E-01
    0    1    1    0    0    1
-2.46038E-01-2.37287E-01-2.18360E-01-2.12914E-01-2.00696E-01-1.98845E-01
-1.97546E-01-1.92334E-01-1.87942E-01-1.81713E-01 5.30755E-02 6.12562E-02
 6.98327E-02 8.18965E-02 9.61292E-02 9.97472E-02 1.06800E-01 1.15556E-01
 1.30810E-01 1.40960E-01-2.45460E-01-2.37253E-01-2.18778E-01-2.12767E-01
-2.00920E-01-1.99262E-01-1.97226E-01-1.92150E-01-1.87862E-01-1.81567E-01
 5.30214E-02 6.12542E-02 6.97101E-02 8.19610E-02 9.62154E-02 9.98479E-02
 1.06718E-01 1.15624E-01 1.30890E-01 1.40980E-01-2.44608E-01-2.37190E-01
-2.19409E-01-2.12584E-01-2.01282E-01-1.99736E-01-1.96881E-01-1.91877E-01
-1.87733E-01-1.81328E-01 5.29323E-02 6.12529E-02 6.95099E-02 8.20668E-02
 9.63541E-02 1.00011E-01 1.06585E-01 1.15738E-01 1.31020E-01 1.41011E-01
-2.43586E-01-2.37088E-01-2.20193E-01-2.12423E-01-2.01780E-01-2.00179E-01
-1.96552E-01-1.91544E-01-1.87558E-01-1.81004E-01 5.28099E-02 6.12548E-02
 6.92378E-02 8.22120E-02 9.65389E-02 1.00226E-01 1.06413E-01 1.15899E-01
 1.31192E-01 1.41046E-01-2.42491E-01-2.36929E-01-2.21078E-01-2.12330E-01
-2.02393E-01-2.00540E-01-1.96263E-01-1.91174E-01-1.87342E-01-1.80605E-01
 5.26566E-02 6.12628E-02 6.89012E-02 8.23936E-02 9.67624E-02 1.00478E-01
 1.06218E-01 1.16105E-01 1.31401E-01 1.41078E-01-2.41418E-01-2.36684E-01
-2.22017E-01-2.12342E-01-2.03068E-01-2.00814E-01-1.96030E-01-1.90780E-01
-1.87087E-01-1.80142E-01 5.24756E-02 6.12799E-02 6.85087E-02 8.26081E-02
 9.70168E-02 1.00738E-01 1.06027E-01 1.16355E-01 1.31637E-01 1.41096E-01
-2.40463E-01-2.36318E-01-2.22963E-01-2.12488E-01-2.03743E-01-2.01016E-01
-1.95856E-01-1.90372E-01-1.86797E-01-1.79629E-01 5.22707E-02 6.13087E-02
 6.80699E-02 8.28518E-02 9.72938E-02 1.00969E-01 1.05881E-01 1.16643E-01
 1.31891E-01 1.41089E-01-2.39713E-01-2.35815E-01-2.23856E-01-2.12786E-01
-2.04370E-01-2.01156E-01-1.95738E-01-1.89963E-01-1.86472E-01-1.79078E-01
 5.20460E-02 6.13507E-02 6.75948E-02 8.31206E-02 9.75837E-02 1.01123E-01
 1.05832E-01 1.16964E-01 1.32153E-01 1.41045E-01-2.39199E-01-2.35229E-01
-2.24623E-01-2.13240E-01-2.04919E-01-2.01244E-01-1.95666E-01-1.89564E-01
-1.86110E-01-1.78503E-01 5.18061E-02 6.14064E-02 6.70938E-02 8.34103E-02
 9.78716E-02 1.01161E-01 1.05927E-01 1.17310E-01 1.32414E-01 1.40952E-01
-2.38890E-01-2.34693E-01-2.25173E-01-2.13831E-01-2.05384E-01-2.01286E-01
-1.95626E-01-1.89188E-01-1.85712E-01-1.77913E-01 5.15556E-02 6.14750E-02
 6.65780E-02 8.37165E-02 9.81317E-02 1.01084E-01 1.06187E-01 1.17673E-01
 1.32663E-01 1.40804E-01-2.38747E-01-2.34348E-01-2.25422E-01-2.14524E-01
-2.05775E-01-2.01288E-01-1.95600E-01-1.88846E-01-1.85279E-01-1.77319E-01
 5.12990E-02 6.15535E-02 6.60589E-02 8.40352E-02 9.83164E-02 1.00949E-01
 1.06596E-01 1.18046E-01 1.32890E-01 1.40600E-01-2.38749E-01-2.34249E-01
-2.25354E-01-2.15267E-01-2.06108E-01-2.01254E-01-1.95573E-01-1.88543E-01
-1.84813E-01-1.76727E-01 5.10401E-02 6.16370E-02 6.55492E-02 8.43622E-02
 9.83510E-02 1.00862E-01 1.07121E-01 1.18423E-01 1.33083E-01 1.40349E-01
-2.38891E-01-2.34335E-01-2.25048E-01-2.16004E-01-2.06401E-01-2.01190E-01
-1.95533E-01-1.88279E-01-1.84320E-01-1.76146E-01 5.07823E-02 6.17172E-02
 6.50637E-02 8.46934E-02 9.81724E-02 1.00916E-01 1.07729E-01 1.18797E-01
 1.33230E-01 1.40064E-01-2.39139E-01-2.34482E-01-2.24647E-01-2.16676E-01
-2.06669E-01-2.01098E-01-1.95470E-01-1.88050E-01-1.83808E-01-1.75580E-01
 5.05285E-02 6.17809E-02 6.46212E-02 8.50247E-02 9.77959E-02 1.01118E-01
 1.08392E-01 1.19164E-01 1.33318E-01 1.39765E-01-2.39018E-01-2.34585E-01
-2.24291E-01-2.17226E-01-2.06920E-01-2.00981E-01-1.95380E-01-1.87849E-01
-1.83285E-01-1.75035E-01 5.02807E-02 6.18091E-02 6.42452E-02 8.53514E-02
 9.72896E-02 1.01416E-01 1.09094E-01 1.19520E-01 1.33335E-01 1.39473E-01
-2.38092E-01-2.34567E-01-2.24080E-01-2.17612E-01-2.07161E-01-2.00835E-01
-1.95265E-01-1.87664E-01-1.82758E-01-1.74515E-01 5.00402E-02 6.17779E-02
 6.39633E-02 8.56686E-02 9.67148E-02 1.01761E-01 1.09820E-01 1.19866E-01
 1.33268E-01 1.39208E-01-2.37245E-01-2.34345E-01-2.24050E-01-2.17830E-01
-2.07399E-01-2.00660E-01-1.95133E-01-1.87487E-01-1.82232E-01-1.74024E-01
 4.98081E-02 6.16702E-02 6.37952E-02 8.59700E-02 9.61133E-02 1.02120E-01
 1.10563E-01 1.20200E-01 1.33110E-01 1.38986E-01-2.36651E-01-2.33838E-01
-2.24169E-01-2.17921E-01-2.07642E-01-2.00450E-01-1.94994E-01-1.87309E-01
-1.81714E-01-1.73563E-01 4.95848E-02 6.14920E-02 6.37364E-02 8.62486E-02
 9.55143E-02 1.02472E-01 1.11313E-01 1.20525E-01 1.32859E-01 1.38816E-01
-2.36294E-01-2.33079E-01-2.24368E-01-2.17947E-01-2.07898E-01-2.00204E-01
-1.94861E-01-1.87121E-01-1.81208E-01-1.73137E-01 4.93710E-02 6.12708E-02
 6.37602E-02 8.64957E-02 9.49414E-02 1.02806E-01 1.12061E-01 1.20845E-01
 1.32518E-01 1.38699E-01-2.36045E-01-2.32212E-01-2.24572E-01-2.17958E-01
-2.08179E-01-1.99925E-01-1.94743E-01-1.86923E-01-1.80716E-01-1.72747E-01
 4.91670E-02 6.10367E-02 6.38356E-02 8.67016E-02 9.44148E-02 1.03113E-01
 1.12798E-01 1.21166E-01 1.32099E-01 1.38630E-01-2.35798E-01-2.31371E-01
-2.24709E-01-2.17983E-01-2.08493E-01-1.99616E-01-1.94648E-01-1.86713E-01
-1.80243E-01-1.72395E-01 4.89738E-02 6.08113E-02 6.39392E-02 8.68565E-02
 9.39526E-02 1.03387E-01 1.13513E-01 1.21493E-01 1.31614E-01 1.38600E-01
-2.35505E-01-2.30659E-01-2.24712E-01-2.18031E-01-2.08845E-01-1.99290E-01
-1.94581E-01-1.86497E-01-1.79794E-01-1.72081E-01 4.87926E-02 6.06071E-02
 6.40555E-02 8.69525E-02 9.35689E-02 1.03626E-01 1.14193E-01 1.21836E-01
 1.31076E-01 1.38599E-01-2.35160E-01-2.30154E-01-2.24531E-01-2.18097E-01
-2.09234E-01-1.98959E-01-1.94540E-01-1.86281E-01-1.79372E-01-1.71806E-01
 4.86248E-02 6.04303E-02 6.41741E-02 8.69867E-02 9.32718E-02 1.03830E-01
 1.14824E-01 1.22204E-01 1.30498E-01 1.38618E-01-2.34770E-01-2.29891E-01
-2.24153E-01-2.18172E-01-2.09655E-01-1.98638E-01-1.94523E-01-1.86075E-01
-1.78984E-01-1.71571E-01 4.84727E-02 6.02829E-02 6.42880E-02 8.69636E-02
 9.30607E-02 1.03999E-01 1.15392E-01 1.22604E-01 1.29890E-01 1.38649E-01
-2.34349E-01-2.29850E-01-2.23626E-01-2.18248E-01-2.10093E-01-1.98340E-01
-1.94523E-01-1.85887E-01-1.78638E-01-1.71374E-01 4.83383E-02 6.01642E-02
 6.43921E-02 8.68961E-02 9.29259E-02 1.04136E-01 1.15884E-01 1.23043E-01
 1.29261E-01 1.38684E-01-2.33911E-01-2.29975E-01-2.23031E-01-2.18319E-01
-2.10528E-01-1.98079E-01-1.94533E-01-1.85724E-01-1.78340E-01-1.71215E-01
 4.82242E-02 6.00724E-02 6.44824E-02 8.68027E-02 9.28511E-02 1.04243E-01
 1.16291E-01 1.23523E-01 1.28621E-01 1.38720E-01-2.33474E-01-2.30206E-01
-2.22453E-01-2.18380E-01-2.10928E-01-1.97866E-01-1.94548E-01-1.85591E-01
-1.78099E-01-1.71093E-01 4.81326E-02 6.00049E-02 6.45558E-02 8.67041E-02
 9.28174E-02 1.04323E-01 1.16608E-01 1.24040E-01 1.27979E-01 1.38752E-01
-2.33066E-01-2.30485E-01-2.21968E-01-2.18431E-01-2.11258E-01-1.97708E-01
-1.94563E-01-1.85494E-01-1.77921E-01-1.71007E-01 4.80655E-02 5.99590E-02
 6.46099E-02 8.66191E-02 9.28072E-02 1.04377E-01 1.16834E-01 1.24581E-01
 1.27350E-01 1.38776E-01-2.32741E-01-2.30738E-01-2.21642E-01-2.18466E-01
-2.11478E-01-1.97612E-01-1.94573E-01-1.85435E-01-1.77812E-01-1.70956E-01
 4.80246E-02 5.99324E-02 6.46431E-02 8.65621E-02 9.28068E-02 1.04409E-01
 1.16968E-01 1.25103E-01 1.26777E-01 1.38792E-01-2.32607E-01-2.30849E-01
-2.21527E-01-2.18479E-01-2.11555E-01-1.97579E-01-1.94576E-01-1.85415E-01
-1.77776E-01-1.70939E-01 4.80109E-02 5.99237E-02 6.46542E-02 8.65421E-02
 9.28076E-02 1.04420E-01 1.17013E-01 1.25394E-01 1.26469E-01 1.38797E-01
-%-0BAND   20   31 0.00000E+00 1.05735E-02-1.62669E-01
-2.46244E-01 1.42585E-01
    0    0    1    1    0    1
-2.32698E-01-2.31006E-01-2.21437E-01-2.18383E-01-2.11573E-01-1.97581E-01
-1.94570E-01-1.85400E-01-1.77860E-01-1.70902E-01 4.80149E-02 5.99299E-02
 6.46590E-02 8.65149E-02 9.28025E-02 1.04402E-01 1.16999E-01 1.25294E-01
 1.26615E-01 1.38803E-01-2.33024E-01-2.31354E-01-2.21247E-01-2.18083E-01
-2.11612E-01-1.97592E-01-1.94555E-01-1.85357E-01-1.78098E-01-1.70803E-01
 4.80272E-02 5.99490E-02 6.46728E-02 8.64288E-02 9.27928E-02 1.04351E-01
 1.16957E-01 1.25084E-01 1.26963E-01 1.38819E-01-2.33667E-01-2.31643E-01
-2.21105E-01-2.17579E-01-2.11638E-01-1.97623E-01-1.94537E-01-1.85292E-01
-1.78453E-01-1.70668E-01 4.80479E-02 5.99823E-02 6.46943E-02 8.62716E-02
 9.27941E-02 1.04274E-01 1.16884E-01 1.24853E-01 1.27412E-01 1.38845E-01
-2.34549E-01-2.31769E-01-2.21100E-01-2.16931E-01-2.11595E-01-1.97694E-01
-1.94523E-01-1.85220E-01-1.78875E-01-1.70528E-01 4.80775E-02 6.00313E-02
 6.47215E-02 8.60272E-02 9.28277E-02 1.04179E-01 1.16779E-01 1.24635E-01
 1.27917E-01 1.38882E-01-2.35491E-01-2.31743E-01-2.21248E-01-2.16242E-01
-2.11424E-01-1.97837E-01-1.94510E-01-1.85161E-01-1.79311E-01-1.70410E-01
 4.81167E-02 6.00981E-02 6.47519E-02 8.56817E-02 9.29156E-02 1.04075E-01
 1.16638E-01 1.24441E-01 1.28449E-01 1.38929E-01-2.36374E-01-2.31566E-01
-2.21531E-01-2.15602E-01-2.11084E-01-1.98092E-01-1.94484E-01-1.85143E-01
-1.79710E-01-1.70337E-01 4.81663E-02 6.01842E-02 6.47828E-02 8.52290E-02
 9.30734E-02 1.03970E-01 1.16454E-01 1.24282E-01 1.28983E-01 1.38987E-01
-2.37161E-01-2.31228E-01-2.21926E-01-2.15047E-01-2.10571E-01-1.98495E-01
-1.94428E-01-1.85195E-01-1.80029E-01-1.70322E-01 4.82275E-02 6.02905E-02
 6.48115E-02 8.46740E-02 9.33077E-02 1.03869E-01 1.16222E-01 1.24169E-01
 1.29493E-01 1.39056E-01-2.37882E-01-2.30734E-01-2.22404E-01-2.14568E-01
-2.09924E-01-1.99072E-01-1.94333E-01-1.85339E-01-1.80242E-01-1.70375E-01
 4.83014E-02 6.04169E-02 6.48357E-02 8.40313E-02 9.36160E-02 1.03774E-01
 1.15938E-01 1.24112E-01 1.29955E-01 1.39135E-01-2.38576E-01-2.30102E-01
-2.22935E-01-2.14139E-01-2.09197E-01-1.99827E-01-1.94200E-01-1.85579E-01
-1.80352E-01-1.70500E-01 4.83893E-02 6.05618E-02 6.48537E-02 8.33215E-02
 9.39898E-02 1.03685E-01 1.15598E-01 1.24120E-01 1.30348E-01 1.39226E-01
-2.39267E-01-2.29367E-01-2.23485E-01-2.13739E-01-2.08439E-01-2.00746E-01
-1.94039E-01-1.85900E-01-1.80382E-01-1.70697E-01 4.84924E-02 6.07223E-02
 6.48644E-02 8.25675E-02 9.44176E-02 1.03602E-01 1.15202E-01 1.24200E-01
 1.30656E-01 1.39327E-01-2.39960E-01-2.28571E-01-2.24018E-01-2.13359E-01
-2.07684E-01-2.01801E-01-1.93868E-01-1.86284E-01-1.80372E-01-1.70960E-01
 4.86119E-02 6.08937E-02 6.48677E-02 8.17921E-02 9.48869E-02 1.03523E-01
 1.14754E-01 1.24351E-01 1.30869E-01 1.39434E-01-2.40644E-01-2.27779E-01
-2.24480E-01-2.13003E-01-2.06971E-01-2.02939E-01-1.93704E-01-1.86710E-01
-1.80357E-01-1.71283E-01 4.87486E-02 6.10698E-02 6.48648E-02 8.10162E-02
 9.53851E-02 1.03446E-01 1.14262E-01 1.24565E-01 1.30987E-01 1.39544E-01
-2.41302E-01-2.27127E-01-2.24745E-01-2.12682E-01-2.06409E-01-2.04023E-01
-1.93563E-01-1.87168E-01-1.80371E-01-1.71655E-01 4.89028E-02 6.12427E-02
 6.48580E-02 8.02578E-02 9.59000E-02 1.03370E-01 1.13737E-01 1.24824E-01
 1.31025E-01 1.39648E-01-2.41909E-01-2.26870E-01-2.24575E-01-2.12414E-01
-2.06510E-01-2.04504E-01-1.93459E-01-1.87647E-01-1.80440E-01-1.72061E-01
 4.90744E-02 6.14037E-02 6.48512E-02 7.95322E-02 9.64193E-02 1.03296E-01
 1.13194E-01 1.25098E-01 1.31008E-01 1.39740E-01-2.42427E-01-2.27033E-01
-2.23958E-01-2.12229E-01-2.07506E-01-2.04095E-01-1.93406E-01-1.88142E-01
-1.80589E-01-1.72488E-01 4.92627E-02 6.15435E-02 6.48490E-02 7.88515E-02
 9.69301E-02 1.03224E-01 1.12649E-01 1.25344E-01 1.30979E-01 1.39813E-01
-2.42786E-01-2.27369E-01-2.23164E-01-2.12193E-01-2.08677E-01-2.03426E-01
-1.93414E-01-1.88646E-01-1.80832E-01-1.72920E-01 4.94660E-02 6.16540E-02
 6.48560E-02 7.82247E-02 9.74180E-02 1.03158E-01 1.12122E-01 1.25509E-01
 1.30990E-01 1.39861E-01-2.42853E-01-2.27743E-01-2.22359E-01-2.12450E-01
-2.09636E-01-2.02703E-01-1.93487E-01-1.89150E-01-1.81181E-01-1.73343E-01
 4.96819E-02 6.17300E-02 6.48751E-02 7.76580E-02 9.78673E-02 1.03102E-01
 1.11632E-01 1.25539E-01 1.31092E-01 1.39883E-01-2.42490E-01-2.28108E-01
-2.21642E-01-2.13130E-01-2.10150E-01-2.01983E-01-1.93627E-01-1.89644E-01
-1.81639E-01-1.73747E-01 4.99073E-02 6.17708E-02 6.49062E-02 7.71549E-02
 9.82609E-02 1.03060E-01 1.11201E-01 1.25402E-01 1.31311E-01 1.39881E-01
-2.41758E-01-2.28445E-01-2.21127E-01-2.14025E-01-2.10305E-01-2.01299E-01
-1.93819E-01-1.90119E-01-1.82203E-01-1.74129E-01 5.01379E-02 6.17805E-02
 6.49456E-02 7.67164E-02 9.85820E-02 1.03035E-01 1.10851E-01 1.25102E-01
 1.31634E-01 1.39862E-01-2.40849E-01-2.28747E-01-2.20983E-01-2.14760E-01
-2.10296E-01-2.00695E-01-1.94028E-01-1.90569E-01-1.82858E-01-1.74489E-01
 5.03693E-02 6.17679E-02 6.49868E-02 7.63413E-02 9.88175E-02 1.03027E-01
 1.10605E-01 1.24670E-01 1.32020E-01 1.39837E-01-2.39894E-01-2.29009E-01
-2.21372E-01-2.15071E-01-2.10215E-01-2.00224E-01-1.94199E-01-1.90999E-01
-1.83585E-01-1.74831E-01 5.05961E-02 6.17440E-02 6.50218E-02 7.60269E-02
 9.89618E-02 1.03030E-01 1.10481E-01 1.24142E-01 1.32416E-01 1.39820E-01
-2.38968E-01-2.29231E-01-2.22267E-01-2.14946E-01-2.10089E-01-1.99941E-01
-1.94263E-01-1.91418E-01-1.84356E-01-1.75160E-01 5.08133E-02 6.17199E-02
 6.50433E-02 7.57690E-02 9.90191E-02 1.03035E-01 1.10487E-01 1.23554E-01
 1.32775E-01 1.39825E-01-2.38112E-01-2.29417E-01-2.23482E-01-2.14557E-01
-2.09927E-01-1.99869E-01-1.94180E-01-1.91835E-01-1.85139E-01-1.75480E-01
 5.10158E-02 6.17054E-02 6.50459E-02 7.55622E-02 9.90022E-02 1.03033E-01
 1.10623E-01 1.22933E-01 1.33060E-01 1.39862E-01-2.37351E-01-2.29572E-01
-2.24856E-01-2.14060E-01-2.09736E-01-1.99965E-01-1.93997E-01-1.92238E-01
-1.85896E-01-1.75792E-01 5.11992E-02 6.17075E-02 6.50269E-02 7.54005E-02
 9.89291E-02 1.03019E-01 1.10874E-01 1.22301E-01 1.33255E-01 1.39935E-01
-2.36695E-01-2.29709E-01-2.26288E-01-2.13544E-01-2.09528E-01-2.00134E-01
-1.93903E-01-1.92519E-01-1.86587E-01-1.76094E-01 5.13600E-02 6.17296E-02
 6.49865E-02 7.52775E-02 9.88194E-02 1.02993E-01 1.11217E-01 1.21677E-01
 1.33359E-01 1.40036E-01-2.36144E-01-2.29857E-01-2.27708E-01-2.13060E-01
-2.09327E-01-2.00266E-01-1.94192E-01-1.92470E-01-1.87179E-01-1.76380E-01
 5.14961E-02 6.17709E-02 6.49281E-02 7.51866E-02 9.86922E-02 1.02961E-01
 1.11620E-01 1.21078E-01 1.33386E-01 1.40152E-01-2.35688E-01-2.30133E-01
-2.28963E-01-2.12632E-01-2.09163E-01-2.00265E-01-1.94820E-01-1.92196E-01
-1.87646E-01-1.76641E-01 5.16065E-02 6.18268E-02 6.48580E-02 7.51219E-02
 9.85644E-02 1.02926E-01 1.12047E-01 1.20522E-01 1.33361E-01 1.40268E-01
-2.35303E-01-2.30956E-01-2.29601E-01-2.12275E-01-2.09059E-01-2.00070E-01
-1.95615E-01-1.91897E-01-1.87984E-01-1.76866E-01 5.16910E-02 6.18888E-02
 6.47855E-02 7.50777E-02 9.84500E-02 1.02895E-01 1.12457E-01 1.20034E-01
 1.33308E-01 1.40371E-01-2.34950E-01-2.32114E-01-2.29779E-01-2.12003E-01
-2.09016E-01-1.99661E-01-1.96487E-01-1.91658E-01-1.88201E-01-1.77039E-01
 5.17505E-02 6.19459E-02 6.47213E-02 7.50495E-02 9.83602E-02 1.02870E-01
 1.12805E-01 1.19642E-01 1.33253E-01 1.40450E-01-2.34553E-01-2.33173E-01
-2.29849E-01-2.11830E-01-2.09011E-01-1.99068E-01-1.97367E-01-1.91508E-01
-1.88318E-01-1.77150E-01 5.17856E-02 6.19865E-02 6.46769E-02 7.50340E-02
 9.83031E-02 1.02855E-01 1.13041E-01 1.19384E-01 1.33212E-01 1.40500E-01
-2.34017E-01-2.33967E-01-2.29870E-01-2.11770E-01-2.09014E-01-1.98519E-01
-1.98011E-01-1.91458E-01-1.88354E-01-1.77187E-01 5.17973E-02 6.20012E-02
 6.46610E-02 7.50291E-02 9.82836E-02 1.02849E-01 1.13126E-01 1.19293E-01
 1.33197E-01 1.40516E-01
-%-0BAND   20   29 0.00000E+00 1.07848E-02-1.62669E-01
-2.46244E-01 1.42585E-01
    1    0    1    1    0    0
-2.34937E-01-2.33035E-01-2.29796E-01-2.11992E-01-2.08799E-01-1.98505E-01
-1.97996E-01-1.91439E-01-1.88259E-01-1.77139E-01 5.17986E-02 6.19879E-02
 6.46524E-02 7.50109E-02 9.82387E-02 1.02877E-01 1.13120E-01 1.19283E-01
 1.33213E-01 1.40540E-01-2.35854E-01-2.32118E-01-2.29551E-01-2.12507E-01
-2.08292E-01-1.98633E-01-1.97780E-01-1.91384E-01-1.87982E-01-1.76996E-01
 5.18025E-02 6.19485E-02 6.46264E-02 7.49569E-02 9.81112E-02 1.02952E-01
 1.13103E-01 1.19253E-01 1.33260E-01 1.40606E-01-2.36726E-01-2.31372E-01
-2.29060E-01-2.13097E-01-2.07663E-01-1.98967E-01-1.97309E-01-1.91290E-01
-1.87543E-01-1.76762E-01 5.18084E-02 6.18835E-02 6.45821E-02 7.48686E-02
 9.79189E-02 1.03054E-01 1.13077E-01 1.19209E-01 1.33342E-01 1.40704E-01
-2.37514E-01-2.30915E-01-2.28288E-01-2.13621E-01-2.06989E-01-1.99405E-01
-1.96698E-01-1.91145E-01-1.86974E-01-1.76442E-01 5.18155E-02 6.17942E-02
 6.45185E-02 7.47486E-02 9.76845E-02 1.03157E-01 1.13045E-01 1.19161E-01
 1.33460E-01 1.40817E-01-2.38136E-01-2.30712E-01-2.27378E-01-2.13973E-01
-2.06307E-01-1.99876E-01-1.96036E-01-1.90919E-01-1.86308E-01-1.76042E-01
 5.18226E-02 6.16820E-02 6.44342E-02 7.46002E-02 9.74292E-02 1.03235E-01
 1.13013E-01 1.19117E-01 1.33618E-01 1.40923E-01-2.38507E-01-2.30681E-01
-2.26520E-01-2.14061E-01-2.05655E-01-2.00316E-01-1.95393E-01-1.90579E-01
-1.85575E-01-1.75569E-01 5.18286E-02 6.15486E-02 6.43275E-02 7.44276E-02
 9.71713E-02 1.03265E-01 1.12985E-01 1.19088E-01 1.33816E-01 1.40999E-01
-2.38634E-01-2.30776E-01-2.25840E-01-2.13826E-01-2.05093E-01-2.00643E-01
-1.94816E-01-1.90102E-01-1.84802E-01-1.75032E-01 5.18320E-02 6.13957E-02
 6.41974E-02 7.42356E-02 9.69251E-02 1.03234E-01 1.12967E-01 1.19079E-01
 1.34055E-01 1.41025E-01-2.38568E-01-2.30970E-01-2.25379E-01-2.13271E-01
-2.04706E-01-2.00751E-01-1.94314E-01-1.89488E-01-1.84010E-01-1.74437E-01
 5.18313E-02 6.12249E-02 6.40428E-02 7.40295E-02 9.67012E-02 1.03131E-01
 1.12964E-01 1.19097E-01 1.34332E-01 1.40982E-01-2.38305E-01-2.31238E-01
-2.25109E-01-2.12474E-01-2.04555E-01-2.00557E-01-1.93858E-01-1.88769E-01
-1.83216E-01-1.73792E-01 5.18253E-02 6.10375E-02 6.38636E-02 7.38144E-02
 9.65071E-02 1.02957E-01 1.12976E-01 1.19144E-01 1.34646E-01 1.40856E-01
-2.37801E-01-2.31549E-01-2.24966E-01-2.11564E-01-2.04582E-01-2.00079E-01
-1.93404E-01-1.87989E-01-1.82436E-01-1.73106E-01 5.18128E-02 6.08346E-02
 6.36606E-02 7.35957E-02 9.63473E-02 1.02719E-01 1.13001E-01 1.19221E-01
 1.34990E-01 1.40640E-01-2.37043E-01-2.31860E-01-2.24886E-01-2.10695E-01
-2.04638E-01-1.99408E-01-1.92903E-01-1.87186E-01-1.81682E-01-1.72389E-01
 5.17929E-02 6.06168E-02 6.34359E-02 7.33781E-02 9.62230E-02 1.02429E-01
 1.13034E-01 1.19328E-01 1.35358E-01 1.40335E-01-2.36109E-01-2.32110E-01
-2.24823E-01-2.10025E-01-2.04566E-01-1.98617E-01-1.92319E-01-1.86391E-01
-1.80963E-01-1.71653E-01 5.17652E-02 6.03838E-02 6.31930E-02 7.31658E-02
 9.61327E-02 1.02105E-01 1.13068E-01 1.19463E-01 1.35740E-01 1.39951E-01
-2.35181E-01-2.32185E-01-2.24745E-01-2.09665E-01-2.04271E-01-1.97745E-01
-1.91626E-01-1.85626E-01-1.80285E-01-1.70909E-01 5.17297E-02 6.01349E-02
 6.29370E-02 7.29622E-02 9.60711E-02 1.01769E-01 1.13092E-01 1.19624E-01
 1.36122E-01 1.39506E-01-2.34546E-01-2.31887E-01-2.24632E-01-2.09613E-01
-2.03766E-01-1.96810E-01-1.90814E-01-1.84906E-01-1.79653E-01-1.70171E-01
 5.16870E-02 5.98688E-02 6.26744E-02 7.27700E-02 9.60289E-02 1.01444E-01
 1.13100E-01 1.19811E-01 1.36475E-01 1.39032E-01-2.34342E-01-2.31158E-01
-2.24466E-01-2.09781E-01-2.03140E-01-1.95826E-01-1.89882E-01-1.84239E-01
-1.79068E-01-1.69454E-01 5.16382E-02 5.95840E-02 6.24124E-02 7.25907E-02
 9.59931E-02 1.01157E-01 1.13082E-01 1.20021E-01 1.36734E-01 1.38605E-01
-2.34381E-01-2.30261E-01-2.24227E-01-2.10079E-01-2.02472E-01-1.94809E-01
-1.88840E-01-1.83634E-01-1.78529E-01-1.68772E-01 5.15849E-02 5.92794E-02
 6.21588E-02 7.24254E-02 9.59475E-02 1.00934E-01 1.13032E-01 1.20254E-01
 1.36741E-01 1.38385E-01-2.34501E-01-2.29420E-01-2.23896E-01-2.10446E-01
-2.01802E-01-1.93779E-01-1.87706E-01-1.83093E-01-1.78036E-01-1.68138E-01
 5.15292E-02 5.89550E-02 6.19204E-02 7.22742E-02 9.58757E-02 1.00800E-01
 1.12945E-01 1.20509E-01 1.36397E-01 1.38480E-01-2.34644E-01-2.28739E-01
-2.23463E-01-2.10850E-01-2.01141E-01-1.92756E-01-1.86507E-01-1.82619E-01
-1.77585E-01-1.67564E-01 5.14733E-02 5.86130E-02 6.17024E-02 7.21371E-02
 9.57657E-02 1.00771E-01 1.12816E-01 1.20784E-01 1.35844E-01 1.38752E-01
-2.34789E-01-2.28251E-01-2.22936E-01-2.11275E-01-2.00489E-01-1.91754E-01
-1.85274E-01-1.82207E-01-1.77173E-01-1.67061E-01 5.14197E-02 5.82574E-02
 6.15079E-02 7.20137E-02 9.56144E-02 1.00854E-01 1.12643E-01 1.21079E-01
 1.35211E-01 1.39076E-01-2.34933E-01-2.27939E-01-2.22344E-01-2.11712E-01
-1.99851E-01-1.90785E-01-1.84054E-01-1.81842E-01-1.76797E-01-1.66637E-01
 5.13707E-02 5.78947E-02 6.13382E-02 7.19034E-02 9.54278E-02 1.01042E-01
 1.12426E-01 1.21391E-01 1.34552E-01 1.39404E-01-2.35075E-01-2.27767E-01
-2.21723E-01-2.12156E-01-1.99231E-01-1.89857E-01-1.82938E-01-1.81462E-01
-1.76455E-01-1.66295E-01 5.13283E-02 5.75326E-02 6.11929E-02 7.18056E-02
 9.52187E-02 1.01319E-01 1.12167E-01 1.21718E-01 1.33892E-01 1.39716E-01
-2.35216E-01-2.27697E-01-2.21103E-01-2.12604E-01-1.98640E-01-1.88979E-01
-1.82155E-01-1.80868E-01-1.76144E-01-1.66039E-01 5.12941E-02 5.71803E-02
 6.10706E-02 7.17199E-02 9.50014E-02 1.01667E-01 1.11871E-01 1.22055E-01
 1.33247E-01 1.40001E-01-2.35355E-01-2.27695E-01-2.20503E-01-2.13051E-01
-1.98091E-01-1.88156E-01-1.81826E-01-1.79967E-01-1.75861E-01-1.65865E-01
 5.12689E-02 5.68471E-02 6.09695E-02 7.16460E-02 9.47896E-02 1.02063E-01
 1.11545E-01 1.22396E-01 1.32631E-01 1.40255E-01-2.35491E-01-2.27734E-01
-2.19938E-01-2.13493E-01-1.97599E-01-1.87400E-01-1.81726E-01-1.79008E-01
-1.75606E-01-1.65765E-01 5.12526E-02 5.65427E-02 6.08877E-02 7.15835E-02
 9.45945E-02 1.02482E-01 1.11202E-01 1.22732E-01 1.32058E-01 1.40473E-01
-2.35619E-01-2.27793E-01-2.19415E-01-2.13919E-01-1.97176E-01-1.86722E-01
-1.81734E-01-1.78139E-01-1.75374E-01-1.65729E-01 5.12442E-02 5.62767E-02
 6.08233E-02 7.15324E-02 9.44248E-02 1.02899E-01 1.10857E-01 1.23050E-01
 1.31544E-01 1.40654E-01-2.35732E-01-2.27855E-01-2.18950E-01-2.14314E-01
-1.96835E-01-1.86140E-01-1.81803E-01-1.77427E-01-1.75165E-01-1.65737E-01
 5.12416E-02 5.60581E-02 6.07748E-02 7.14926E-02 9.42869E-02 1.03284E-01
 1.10536E-01 1.23332E-01 1.31107E-01 1.40796E-01-2.35822E-01-2.27909E-01
-2.18566E-01-2.14651E-01-1.96585E-01-1.85680E-01-1.81899E-01-1.76911E-01
-1.74986E-01-1.65768E-01 5.12425E-02 5.58952E-02 6.07410E-02 7.14641E-02
 9.41854E-02 1.03600E-01 1.10267E-01 1.23559E-01 1.30770E-01 1.40898E-01
-2.35880E-01-2.27945E-01-2.18301E-01-2.14889E-01-1.96432E-01-1.85378E-01
-1.81983E-01-1.76605E-01-1.74857E-01-1.65799E-01 5.12443E-02 5.57944E-02
 6.07211E-02 7.14470E-02 9.41233E-02 1.03812E-01 1.10086E-01 1.23707E-01
 1.30555E-01 1.40960E-01-2.35900E-01-2.27957E-01-2.18204E-01-2.14976E-01
-1.96381E-01-1.85271E-01-1.82017E-01-1.76505E-01-1.74809E-01-1.65811E-01
 5.12452E-02 5.57603E-02 6.07146E-02 7.14413E-02 9.41024E-02 1.03886E-01
 1.10022E-01 1.23759E-01 1.30481E-01 1.40980E-01
-%-0BAND   20   42 0.00000E+00 1.07738E-02-1.62669E-01
-2.46244E-01 1.42585E-01
    1    0    0    0    1    0
-2.35797E-01-2.27936E-01-2.18438E-01-2.14728E-01-1.96435E-01-1.85289E-01
-1.82058E-01-1.76486E-01-1.74837E-01-1.65806E-01 5.12434E-02 5.56920E-02
 6.07389E-02 7.14552E-02 9.40876E-02 1.03838E-01 1.10076E-01 1.23786E-01
 1.30421E-01 1.41058E-01-2.35523E-01-2.27870E-01-2.18995E-01-2.14128E-01
-1.96597E-01-1.85351E-01-1.82169E-01-1.76437E-01-1.74917E-01-1.65791E-01
 5.12363E-02 5.54983E-02 6.08052E-02 7.14963E-02 9.40437E-02 1.03701E-01
 1.10231E-01 1.23867E-01 1.30249E-01 1.41282E-01-2.35163E-01-2.27751E-01
-2.19682E-01-2.13367E-01-1.96862E-01-1.85481E-01-1.82319E-01-1.76378E-01
-1.75037E-01-1.65769E-01 5.12175E-02 5.52084E-02 6.08972E-02 7.15625E-02
 9.39730E-02 1.03495E-01 1.10467E-01 1.23996E-01 1.29986E-01 1.41621E-01
-2.34806E-01-2.27572E-01-2.20397E-01-2.12538E-01-1.97224E-01-1.85712E-01
-1.82464E-01-1.76344E-01-1.75170E-01-1.65741E-01 5.11763E-02 5.48615E-02
 6.09976E-02 7.16509E-02 9.38795E-02 1.03242E-01 1.10758E-01 1.24160E-01
 1.29663E-01 1.42018E-01-2.34522E-01-2.27331E-01-2.21089E-01-2.11683E-01
-1.97675E-01-1.86073E-01-1.82569E-01-1.76387E-01-1.75274E-01-1.65712E-01
 5.10976E-02 5.44998E-02 6.10942E-02 7.17575E-02 9.37681E-02 1.02964E-01
 1.11084E-01 1.24334E-01 1.29321E-01 1.42367E-01-2.34354E-01-2.27044E-01
-2.21716E-01-2.10821E-01-1.98206E-01-1.86575E-01-1.82623E-01-1.76545E-01
-1.75308E-01-1.65686E-01 5.09641E-02 5.41636E-02 6.11813E-02 7.18780E-02
 9.36454E-02 1.02678E-01 1.11429E-01 1.24474E-01 1.29013E-01 1.42549E-01
-2.34317E-01-2.26760E-01-2.22227E-01-2.09962E-01-1.98809E-01-1.87206E-01
-1.82646E-01-1.76805E-01-1.75276E-01-1.65665E-01 5.07622E-02 5.38846E-02
 6.12594E-02 7.20080E-02 9.35185E-02 1.02396E-01 1.11784E-01 1.24521E-01
 1.28798E-01 1.42585E-01-2.34404E-01-2.26558E-01-2.22551E-01-2.09114E-01
-1.99472E-01-1.87944E-01-1.82677E-01-1.77120E-01-1.75207E-01-1.65656E-01
 5.04914E-02 5.36784E-02 6.13332E-02 7.21436E-02 9.33954E-02 1.02128E-01
 1.12145E-01 1.24415E-01 1.28726E-01 1.42554E-01-2.34592E-01-2.26524E-01
-2.22615E-01-2.08285E-01-2.00184E-01-1.88765E-01-1.82763E-01-1.77442E-01
-1.75120E-01-1.65660E-01 5.01671E-02 5.35417E-02 6.14099E-02 7.22818E-02
 9.32840E-02 1.01882E-01 1.12508E-01 1.24138E-01 1.28805E-01 1.42503E-01
-2.34852E-01-2.26678E-01-2.22416E-01-2.07485E-01-2.00928E-01-1.89648E-01
-1.82956E-01-1.77729E-01-1.75022E-01-1.65683E-01 4.98147E-02 5.34592E-02
 6.14970E-02 7.24203E-02 9.31921E-02 1.01663E-01 1.12873E-01 1.23716E-01
 1.28991E-01 1.42453E-01-2.35154E-01-2.26954E-01-2.22024E-01-2.06738E-01
-2.01674E-01-1.90576E-01-1.83296E-01-1.77953E-01-1.74910E-01-1.65726E-01
 4.94606E-02 5.34140E-02 6.16016E-02 7.25583E-02 9.31266E-02 1.01478E-01
 1.13235E-01 1.23195E-01 1.29221E-01 1.42417E-01-2.35468E-01-2.27264E-01
-2.21530E-01-2.06100E-01-2.02356E-01-1.91533E-01-1.83802E-01-1.78109E-01
-1.74777E-01-1.65795E-01 4.91269E-02 5.33929E-02 6.17291E-02 7.26961E-02
 9.30929E-02 1.01332E-01 1.13591E-01 1.22620E-01 1.29442E-01 1.42402E-01
-2.35762E-01-2.27535E-01-2.20999E-01-2.05722E-01-2.02816E-01-1.92505E-01
-1.84462E-01-1.78220E-01-1.74615E-01-1.65889E-01 4.88303E-02 5.33879E-02
 6.18827E-02 7.28354E-02 9.30949E-02 1.01230E-01 1.13934E-01 1.22025E-01
 1.29616E-01 1.42401E-01-2.35992E-01-2.27714E-01-2.20475E-01-2.05824E-01
-2.02822E-01-1.93476E-01-1.85249E-01-1.78319E-01-1.74414E-01-1.66013E-01
 4.85828E-02 5.33957E-02 6.20636E-02 7.29789E-02 9.31346E-02 1.01174E-01
 1.14252E-01 1.21440E-01 1.29724E-01 1.42401E-01-2.36068E-01-2.27755E-01
-2.19989E-01-2.06347E-01-2.02423E-01-1.94426E-01-1.86129E-01-1.78442E-01
-1.74171E-01-1.66165E-01 4.83925E-02 5.34159E-02 6.22709E-02 7.31308E-02
 9.32120E-02 1.01169E-01 1.14533E-01 1.20893E-01 1.29761E-01 1.42377E-01
-2.35779E-01-2.27622E-01-2.19563E-01-2.07037E-01-2.01875E-01-1.95325E-01
-1.87068E-01-1.78612E-01-1.73886E-01-1.66347E-01 4.82648E-02 5.34505E-02
 6.25024E-02 7.32956E-02 9.33251E-02 1.01215E-01 1.14756E-01 1.20418E-01
 1.29730E-01 1.42301E-01-2.34919E-01-2.27284E-01-2.19214E-01-2.07735E-01
-2.01356E-01-1.96116E-01-1.88034E-01-1.78843E-01-1.73564E-01-1.66558E-01
 4.82028E-02 5.35023E-02 6.27547E-02 7.34786E-02 9.34711E-02 1.01313E-01
 1.14900E-01 1.20046E-01 1.29641E-01 1.42150E-01-2.33761E-01-2.26733E-01
-2.18942E-01-2.08357E-01-2.01021E-01-1.96691E-01-1.88994E-01-1.79142E-01
-1.73214E-01-1.66796E-01 4.82076E-02 5.35743E-02 6.30243E-02 7.36852E-02
 9.36460E-02 1.01462E-01 1.14944E-01 1.19811E-01 1.29507E-01 1.41905E-01
-2.32671E-01-2.26007E-01-2.18719E-01-2.08852E-01-2.01033E-01-1.96916E-01
-1.89910E-01-1.79507E-01-1.72845E-01-1.67061E-01 4.82790E-02 5.36693E-02
 6.33076E-02 7.39204E-02 9.38462E-02 1.01658E-01 1.14881E-01 1.19730E-01
 1.29340E-01 1.41563E-01-2.31790E-01-2.25215E-01-2.18477E-01-2.09189E-01
-2.01428E-01-1.96788E-01-1.90730E-01-1.79937E-01-1.72466E-01-1.67350E-01
 4.84153E-02 5.37892E-02 6.36010E-02 7.41884E-02 9.40687E-02 1.01897E-01
 1.14729E-01 1.19796E-01 1.29148E-01 1.41127E-01-2.31133E-01-2.24508E-01
-2.18116E-01-2.09364E-01-2.02064E-01-1.96508E-01-1.91374E-01-1.80424E-01
-1.72084E-01-1.67662E-01 4.86137E-02 5.39353E-02 6.39016E-02 7.44925E-02
 9.43115E-02 1.02172E-01 1.14519E-01 1.19987E-01 1.28938E-01 1.40609E-01
-2.30675E-01-2.23988E-01-2.17569E-01-2.09391E-01-2.02794E-01-1.96319E-01
-1.91722E-01-1.80961E-01-1.71705E-01-1.67993E-01 4.88704E-02 5.41078E-02
 6.42067E-02 7.48343E-02 9.45744E-02 1.02477E-01 1.14290E-01 1.20272E-01
 1.28716E-01 1.40026E-01-2.30373E-01-2.23640E-01-2.16875E-01-2.09293E-01
-2.03524E-01-1.96390E-01-1.91671E-01-1.81536E-01-1.71333E-01-1.68341E-01
 4.91805E-02 5.43059E-02 6.45141E-02 7.52141E-02 9.48585E-02 1.02806E-01
 1.14072E-01 1.20624E-01 1.28484E-01 1.39393E-01-2.30159E-01-2.23369E-01
-2.16155E-01-2.09097E-01-2.04190E-01-1.96723E-01-1.91255E-01-1.82137E-01
-1.70971E-01-1.68702E-01 4.95386E-02 5.45283E-02 6.48219E-02 7.56302E-02
 9.51666E-02 1.03152E-01 1.13884E-01 1.21022E-01 1.28242E-01 1.38726E-01
-2.29944E-01-2.23099E-01-2.15537E-01-2.08836E-01-2.04744E-01-1.97202E-01
-1.90607E-01-1.82746E-01-1.70625E-01-1.69071E-01 4.99383E-02 5.47726E-02
 6.51283E-02 7.60795E-02 9.55028E-02 1.03514E-01 1.13737E-01 1.21447E-01
 1.27992E-01 1.38042E-01-2.29645E-01-2.22805E-01-2.15105E-01-2.08566E-01
-2.05133E-01-1.97722E-01-1.89846E-01-1.83342E-01-1.70313E-01-1.69427E-01
 5.03725E-02 5.50360E-02 6.54317E-02 7.65571E-02 9.58720E-02 1.03889E-01
 1.13634E-01 1.21882E-01 1.27735E-01 1.37355E-01-2.29225E-01-2.22497E-01
-2.14889E-01-2.08362E-01-2.05312E-01-1.98219E-01-1.89051E-01-1.83896E-01
-1.70159E-01-1.69640E-01 5.08338E-02 5.53153E-02 6.57303E-02 7.70569E-02
 9.62798E-02 1.04278E-01 1.13571E-01 1.22311E-01 1.27472E-01 1.36683E-01
-2.28696E-01-2.22199E-01-2.14874E-01-2.08291E-01-2.05272E-01-1.98660E-01
-1.88285E-01-1.84372E-01-1.70403E-01-1.69469E-01 5.13141E-02 5.56067E-02
 6.60220E-02 7.75716E-02 9.67322E-02 1.04682E-01 1.13538E-01 1.22717E-01
 1.27209E-01 1.36042E-01-2.28097E-01-2.21934E-01-2.15016E-01-2.08352E-01
-2.05069E-01-1.99032E-01-1.87616E-01-1.84710E-01-1.70781E-01-1.69173E-01
 5.18048E-02 5.59069E-02 6.63047E-02 7.80935E-02 9.72343E-02 1.05103E-01
 1.13523E-01 1.23080E-01 1.26950E-01 1.35451E-01-2.27481E-01-2.21718E-01
-2.15266E-01-2.08498E-01-2.04792E-01-1.99338E-01-1.87136E-01-1.84823E-01
-1.71178E-01-1.68860E-01 5.22972E-02 5.62124E-02 6.65758E-02 7.86143E-02
 9.77906E-02 1.05539E-01 1.13511E-01 1.23378E-01 1.26703E-01 1.34931E-01
-2.26907E-01-2.21559E-01-2.15575E-01-2.08678E-01-2.04504E-01-1.99600E-01
-1.86909E-01-1.84649E-01-1.71573E-01-1.68545E-01 5.27819E-02 5.65200E-02
 6.68327E-02 7.91258E-02 9.84040E-02 1.05990E-01 1.13485E-01 1.23588E-01
 1.26481E-01 1.34503E-01-2.26439E-01-2.21463E-01-2.15888E-01-2.08859E-01
-2.04235E-01-1.99844E-01-1.86858E-01-1.84274E-01-1.71958E-01-1.68233E-01
 5.32498E-02 5.68271E-02 6.70726E-02 7.96198E-02 9.90754E-02 1.06451E-01
 1.13429E-01 1.23682E-01 1.26301E-01 1.34186E-01-2.26143E-01-2.21438E-01
-2.16131E-01-2.09018E-01-2.03994E-01-2.00095E-01-1.86856E-01-1.83834E-01
-1.72324E-01-1.67928E-01 5.36915E-02 5.71312E-02 6.72928E-02 8.00886E-02
 9.98039E-02 1.06916E-01 1.13330E-01 1.23638E-01 1.26186E-01 1.33993E-01
-2.26080E-01-2.21504E-01-2.16222E-01-2.09149E-01-2.03782E-01-2.00367E-01
-1.86840E-01-1.83410E-01-1.72664E-01-1.67634E-01 5.40987E-02 5.74297E-02
 6.74912E-02 8.05250E-02 1.00586E-01 1.07375E-01 1.13173E-01 1.23449E-01
 1.26149E-01 1.33927E-01-2.26286E-01-2.21671E-01-2.16092E-01-2.09259E-01
-2.03601E-01-2.00659E-01-1.86793E-01-1.83033E-01-1.72972E-01-1.67354E-01
 5.44639E-02 5.77192E-02 6.76660E-02 8.09224E-02 1.01417E-01 1.07818E-01
 1.12950E-01 1.23135E-01 1.26188E-01 1.33980E-01-2.26768E-01-2.21910E-01
-2.15733E-01-2.09366E-01-2.03459E-01-2.00957E-01-1.86724E-01-1.82714E-01
-1.73244E-01-1.67096E-01 5.47817E-02 5.79947E-02 6.78160E-02 8.12752E-02
 1.02287E-01 1.08230E-01 1.12658E-01 1.22736E-01 1.26285E-01 1.34133E-01
-2.27495E-01-2.22171E-01-2.15193E-01-2.09492E-01-2.03367E-01-2.01233E-01
-1.86646E-01-1.82454E-01-1.73475E-01-1.66864E-01 5.50491E-02 5.82497E-02
 6.79410E-02 8.15787E-02 1.03187E-01 1.08591E-01 1.12299E-01 1.22299E-01
 1.26419E-01 1.34360E-01-2.28404E-01-2.22408E-01-2.14541E-01-2.09661E-01
-2.03334E-01-2.01456E-01-1.86572E-01-1.82249E-01-1.73665E-01-1.66665E-01
 5.52650E-02 5.84760E-02 6.80411E-02 8.18296E-02 1.04098E-01 1.08875E-01
 1.11888E-01 1.21870E-01 1.26565E-01 1.34632E-01-2.29398E-01-2.22600E-01
-2.13846E-01-2.09890E-01-2.03361E-01-2.01606E-01-1.86509E-01-1.82093E-01
-1.73813E-01-1.66504E-01 5.54301E-02 5.86646E-02 6.81173E-02 8.20259E-02
 1.04997E-01 1.09041E-01 1.11465E-01 1.21490E-01 1.26704E-01 1.34912E-01
-2.30350E-01-2.22738E-01-2.13176E-01-2.10179E-01-2.03423E-01-2.01687E-01
-1.86464E-01-1.81985E-01-1.73917E-01-1.66385E-01 5.55462E-02 5.88068E-02
 6.81706E-02 8.21664E-02 1.05843E-01 1.09033E-01 1.11104E-01 1.21192E-01
 1.26817E-01 1.35159E-01-2.31079E-01-2.22821E-01-2.12629E-01-2.10478E-01
-2.03481E-01-2.01722E-01-1.86437E-01-1.81920E-01-1.73980E-01-1.66313E-01
 5.56150E-02 5.88954E-02 6.82021E-02 8.22507E-02 1.06542E-01 1.08846E-01
 1.10886E-01 1.21004E-01 1.26891E-01 1.35330E-01-2.31363E-01-2.22848E-01
-2.12392E-01-2.10629E-01-2.03505E-01-2.01730E-01-1.86429E-01-1.81899E-01
-1.74001E-01-1.66288E-01 5.56378E-02 5.89254E-02 6.82125E-02 8.22788E-02
 1.06855E-01 1.08699E-01 1.10820E-01 1.20939E-01 1.26916E-01 1.35392E-01
