0.000000 0.000000  -1.860062  -1.788960  -1.411380  -1.281965  -0.931922  -0.857990  -0.428056  -0.223457  -0.116381  0.000000  5.638351  5.887908  6.085871  6.685498  7.035178  7.263623  7.387052  7.661284  7.880877  8.108824
0.010774 0.000000  -1.857505  -1.786892  -1.411816  -1.280849  -0.931215  -0.858344  -0.430043  -0.224464  -0.116518  -0.000789  5.639197  5.887941  6.086429  6.686439  7.032925  7.264439  7.388059  7.661883  7.880360  8.109803
0.021548 0.000000  -1.850130  -1.780824  -1.413013  -1.277665  -0.929201  -0.859378  -0.435975  -0.227484  -0.116953  -0.003129  5.641719  5.888050  6.088072  6.689250  7.026465  7.266507  7.391270  7.663706  7.878809  8.112660
0.032321 0.000000  -1.838811  -1.771137  -1.414727  -1.272604  -0.926045  -0.860902  -0.445689  -0.232572  -0.117878  -0.006830  5.645861  5.888267  6.090731  6.693890  7.016541  7.268684  7.397093  7.666645  7.876251  8.117422
0.043095 0.000000  -1.824661  -1.758429  -1.416550  -1.265937  -0.922181  -0.862562  -0.458914  -0.239756  -0.119538  -0.011646  5.651532  5.888637  6.094276  6.700279  7.004082  7.269718  7.405964  7.670618  7.872659  8.124007
0.053869 0.000000  -1.808824  -1.743409  -1.418156  -1.258019  -0.918290  -0.863813  -0.475295  -0.249062  -0.122368  -0.017170  5.658598  5.889228  6.098557  6.708301  6.989967  7.268738  7.417991  7.675461  7.868115  8.132307
0.064643 0.000000  -1.792470  -1.726701  -1.419163  -1.249175  -0.915324  -0.863732  -0.494478  -0.260464  -0.126803  -0.022966  5.666898  5.890123  6.103381  6.717795  6.974941  7.265446  7.432875  7.680849  7.862836  8.142184
0.075417 0.000000  -1.776851  -1.708742  -1.419435  -1.239733  -0.914208  -0.861473  -0.516111  -0.273906  -0.133279  -0.028572  5.676217  5.891424  6.108554  6.728529  6.959605  7.260031  7.450045  7.686455  7.857095  8.153368
0.086190 0.000000  -1.763354  -1.689613  -1.418890  -1.230128  -0.915242  -0.856684  -0.539757  -0.289226  -0.142123  -0.033687  5.686313  5.893241  6.113876  6.740181  6.944462  7.252874  7.468767  7.691761  7.851380  8.165613
0.096964 0.000000  -1.753150  -1.669313  -1.417748  -1.220849  -0.917909  -0.849827  -0.565064  -0.306233  -0.153388  -0.038177  5.696900  5.895704  6.119161  6.752257  6.930016  7.244439  7.488440  7.696114  7.846374  8.178566
0.107738 0.000000  -1.746892  -1.648007  -1.416333  -1.212604  -0.921147  -0.841800  -0.591567  -0.324736  -0.166912  -0.042150  5.707671  5.898939  6.124255  6.764004  6.916889  7.235187  7.508522  7.698645  7.842782  8.191844
0.118512 0.000000  -1.744769  -1.626075  -1.415054  -1.206236  -0.923895  -0.833391  -0.618833  -0.344410  -0.182368  -0.045796  5.718302  5.903059  6.129041  6.774219  6.906027  7.225527  7.528495  7.698591  7.841448  8.204851
0.129286 0.000000  -1.746620  -1.604225  -1.414346  -1.202645  -0.925283  -0.825473  -0.646397  -0.364927  -0.199375  -0.049470  5.728471  5.908148  6.133457  6.781128  6.898851  7.215868  7.547896  7.695325  7.842809  8.216498
0.140059 0.000000  -1.752062  -1.583218  -1.414509  -1.202536  -0.924684  -0.818888  -0.673554  -0.385852  -0.217498  -0.053415  5.737891  5.914229  6.137490  6.782726  6.896949  7.206643  7.566182  7.688740  7.846999  8.222892
0.150833 0.000000  -1.760797  -1.563816  -1.415843  -1.206209  -0.921936  -0.814861  -0.699350  -0.406750  -0.236328  -0.057905  5.746332  5.921258  6.141174  6.777980  6.900873  7.198208  7.582699  7.679271  7.853612  8.217641
0.161607 0.000000  -1.772525  -1.546973  -1.418428  -1.213366  -0.917473  -0.815242  -0.722071  -0.426995  -0.255539  -0.063102  5.753641  5.929089  6.144592  6.767591  6.909444  7.190942  7.596495  7.667842  7.862156  8.207518
0.172381 0.000000  -1.787055  -1.533558  -1.422428  -1.222998  -0.912303  -0.822452  -0.739377  -0.446070  -0.274749  -0.069143  5.759736  5.937508  6.147852  6.753052  6.920710  7.185174  7.605502  7.656386  7.872197  8.198593
0.183155 0.000000  -1.804225  -1.524496  -1.427843  -1.233828  -0.907949  -0.837419  -0.750234  -0.463376  -0.293634  -0.076109  5.764604  5.946251  6.151063  6.735642  6.932985  7.181173  7.605583  7.649012  7.883462  8.192389
0.193928 0.000000  -1.823899  -1.520578  -1.434700  -1.244577  -0.906752  -0.857092  -0.756547  -0.478424  -0.311892  -0.084028  5.768275  5.955040  6.154328  6.716241  6.945083  7.179187  7.594318  7.648005  7.895843  8.189205
0.204702 0.000000  -1.845885  -1.522211  -1.442891  -1.254318  -0.913283  -0.875079  -0.761037  -0.490914  -0.329171  -0.092871  5.770792  5.963636  6.157694  6.695473  6.956171  7.179296  7.575923  7.649257  7.909367  8.188933
0.215476 0.000000  -1.869831  -1.529285  -1.452088  -1.262999  -0.931813  -0.886045  -0.765418  -0.500818  -0.345144  -0.102558  5.772212  5.971859  6.161158  6.673849  6.965681  7.181500  7.553855  7.649638  7.923979  8.191110
0.226250 0.000000  -1.894838  -1.540932  -1.461993  -1.271271  -0.957664  -0.893854  -0.770534  -0.508356  -0.359457  -0.113007  5.772591  5.979590  6.164649  6.651849  6.973230  7.185718  7.529529  7.648305  7.939571  8.195001
0.237024 0.000000  -1.918756  -1.555653  -1.472469  -1.280332  -0.985936  -0.902507  -0.776956  -0.513934  -0.371784  -0.124055  5.771992  5.986771  6.168037  6.629947  6.978582  7.191650  7.503651  7.645420  7.955952  8.199790
0.247797 0.000000  -1.936661  -1.571599  -1.483571  -1.291434  -1.014780  -0.912847  -0.785119  -0.518043  -0.381879  -0.135511  5.770493  5.993348  6.171164  6.608640  6.981641  7.198861  7.476767  7.641393  7.972823  8.204470
0.258571 0.000000  -1.944063  -1.586973  -1.495462  -1.305611  -1.043406  -0.924739  -0.795350  -0.521145  -0.389716  -0.147184  5.768191  5.999261  6.173871  6.588434  6.982408  7.206643  7.449528  7.636794  7.989803  8.208144
0.269345 0.000000  -1.943682  -1.600415  -1.508115  -1.323407  -1.071488  -0.937963  -0.807704  -0.523458  -0.395349  -0.158831  5.765203  6.004379  6.176056  6.569838  6.980971  7.214017  7.422862  7.632141  8.006565  8.209913
0.280119 0.000000  -1.940308  -1.610946  -1.521394  -1.344795  -1.098971  -0.952521  -0.821854  -0.525200  -0.399077  -0.170259  5.761676  6.008491  6.177711  6.553334  6.977472  7.219459  7.398045  7.627842  8.022783  8.209287
0.290893 0.000000  -1.936552  -1.618565  -1.534918  -1.369203  -1.125964  -0.968793  -0.837065  -0.526370  -0.401281  -0.181252  5.757763  6.011291  6.178949  6.539342  6.972095  7.220820  7.377147  7.624305  8.038238  8.206212
0.301666 0.000000  -1.933723  -1.624415  -1.547680  -1.395543  -1.152740  -0.987351  -0.852357  -0.527023  -0.402396  -0.191593  5.753633  6.012420  6.180026  6.528183  6.965056  7.215623  7.362372  7.621883  8.052633  8.201069
0.312440 0.000000  -1.932253  -1.631381  -1.558020  -1.422346  -1.179379  -1.008793  -0.866725  -0.527186  -0.402859  -0.201144  5.749448  6.011528  6.181294  6.520036  6.956577  7.202534  7.354861  7.620849  8.065858  8.194538
0.323214 0.000000  -1.932035  -1.642864  -1.565068  -1.447326  -1.205937  -1.033365  -0.879351  -0.526887  -0.402940  -0.209824  5.745358  6.008374  6.183115  6.514934  6.946887  7.182697  7.353337  7.621447  8.077749  8.187273
0.333988 0.000000  -1.932689  -1.660252  -1.571462  -1.467326  -1.232114  -1.060739  -0.889936  -0.526261  -0.402886  -0.217525  5.741497  6.002926  6.185754  6.512754  6.936223  7.158534  7.355242  7.623842  8.088198  8.179872
0.344762 0.000000  -1.933668  -1.682592  -1.582782  -1.478945  -1.257339  -1.090182  -0.898507  -0.525417  -0.402832  -0.224273  5.737967  5.995405  6.189305  6.513247  6.924824  7.132308  7.358453  7.628005  8.097123  8.172824
0.355535 0.000000  -1.934512  -1.708443  -1.601395  -1.482700  -1.280686  -1.120522  -0.905256  -0.524465  -0.402804  -0.230069  5.734846  5.986251  6.193689  6.516060  6.912941  7.105551  7.361582  7.633883  8.104470  8.166511
0.366309 0.000000  -1.934974  -1.736660  -1.625150  -1.483734  -1.300631  -1.150563  -0.910453  -0.523540  -0.402804  -0.234994  5.732177  5.976042  6.198693  6.520768  6.900848  7.079328  7.363977  7.641148  8.110157  8.161205
0.377083 0.000000  -1.935001  -1.766348  -1.651027  -1.487517  -1.315461  -1.179107  -0.914426  -0.522696  -0.402777  -0.239130  5.729975  5.965389  6.204046  6.526890  6.888854  7.054408  7.365474  7.649366  8.114184  8.157150
0.387857 0.000000  -1.935001  -1.796661  -1.676851  -1.497258  -1.324033  -1.204985  -0.917337  -0.521989  -0.402696  -0.242586  5.728231  5.954891  6.209450  6.533905  6.877306  7.031401  7.366099  7.658019  8.116688  8.154348
0.398631 0.000000  -1.935627  -1.826674  -1.700824  -1.513231  -1.327080  -1.227325  -0.919405  -0.521444  -0.402560  -0.245389  5.726906  5.945087  6.214617  6.541261  6.866584  7.010822  7.366045  7.666536  8.117967  8.152633
0.409404 0.000000  -1.938076  -1.855382  -1.721150  -1.533340  -1.326591  -1.245475  -0.920820  -0.521063  -0.402369  -0.247647  5.725948  5.936431  6.219278  6.548379  6.857090  6.993132  7.365582  7.674373  8.118402  8.151681
0.420178 0.000000  -1.943437  -1.881287  -1.736252  -1.554456  -1.324768  -1.259135  -0.921745  -0.520819  -0.402151  -0.249362  5.725298  5.929301  6.223188  6.554692  6.849224  6.978773  7.364929  7.681067  8.118456  8.151137
0.430952 0.000000  -1.952117  -1.902512  -1.745531  -1.573231  -1.323108  -1.268278  -0.922290  -0.520655  -0.401961  -0.250586  5.724887  5.923998  6.226146  6.559661  6.843330  6.968152  7.364304  7.686155  8.118348  8.150837
0.441726 0.000000  -1.962185  -1.916661  -1.749885  -1.586401  -1.322155  -1.273366  -0.922562  -0.520574  -0.401852  -0.251321  5.724667  5.920730  6.227988  6.562844  6.839681  6.961613  7.363868  7.689339  8.118266  8.150647
0.452500 0.000000  -1.967410  -1.921668  -1.751001  -1.591190  -1.321883  -1.274971  -0.922643  -0.520574  -0.401798  -0.251566  5.724599  5.919628  6.228614  6.563941  6.838446  6.959407  7.363705  7.690400  8.118212  8.150593
0.452500 0.000000  -1.969641  -1.917342  -1.750130  -1.589258  -1.324087  -1.275107  -0.921664  -0.522206  -0.402723  -0.252409  5.724501  5.919786  6.228584  6.563160  6.837259  6.958724  7.364086  7.688795  8.109667  8.157096
0.463284 0.000000  -1.974593  -1.906593  -1.747463  -1.583626  -1.330972  -1.274944  -0.918943  -0.527050  -0.405553  -0.254967  5.724201  5.920254  6.228495  6.560833  6.833746  6.956661  7.365147  7.683951  8.092606  8.167980
0.474069 0.000000  -1.980362  -1.892580  -1.743001  -1.574809  -1.342754  -1.273366  -0.915052  -0.535023  -0.410260  -0.259103  5.723695  5.921024  6.228348  6.557002  6.828051  6.953181  7.366807  7.676033  8.072905  8.177069
0.484854 0.000000  -1.986321  -1.877232  -1.736688  -1.563544  -1.358890  -1.269611  -0.910698  -0.545934  -0.416900  -0.264709  5.722974  5.922082  6.228144  6.551737  6.820377  6.948255  7.368848  7.665312  8.052062  8.182566
0.495639 0.000000  -1.992389  -1.861695  -1.728606  -1.550864  -1.378074  -1.263380  -0.906752  -0.559567  -0.425444  -0.271593  5.722024  5.923405  6.227880  6.545133  6.810971  6.941885  7.371025  7.652033  8.030647  8.183953
0.506424 0.000000  -1.998566  -1.846702  -1.718919  -1.537884  -1.398564  -1.254590  -0.903868  -0.575594  -0.435893  -0.279566  5.720841  5.924967  6.227545  6.537304  6.800073  6.934125  7.373038  7.636577  8.009068  8.181341
0.517208 0.000000  -2.004716  -1.832715  -1.708089  -1.526047  -1.418128  -1.243271  -0.902616  -0.593690  -0.448165  -0.288491  5.719423  5.926727  6.227112  6.528395  6.787920  6.925096  7.374508  7.619298  7.987599  8.175191
0.527993 0.000000  -2.010675  -1.820171  -1.696851  -1.517421  -1.433666  -1.229556  -0.903460  -0.613472  -0.462097  -0.298151  5.717785  5.928651  6.226546  6.518567  6.774731  6.914979  7.374997  7.600604  7.966510  8.166103
0.538778 0.000000  -2.016444  -1.809368  -1.686157  -1.514864  -1.440877  -1.213828  -0.906616  -0.634533  -0.477499  -0.308464  5.715940  5.930689  6.225790  6.507987  6.760706  6.904019  7.374072  7.580903  7.946129  8.154620
0.549563 0.000000  -2.021968  -1.800715  -1.676960  -1.519000  -1.437557  -1.196658  -0.912194  -0.656411  -0.494070  -0.319321  5.713921  5.932795  6.224764  6.496844  6.746034  6.892489  7.371297  7.560631  7.926755  8.141259
0.560348 0.000000  -2.027383  -1.794729  -1.669749  -1.526156  -1.426129  -1.178808  -0.920031  -0.678642  -0.511485  -0.330750  5.711771  5.934918  6.223382  6.485334  6.730908  6.880691  7.366154  7.540195  7.908632  8.126456
0.571132 0.000000  -2.032771  -1.791844  -1.664252  -1.532877  -1.409530  -1.161257  -0.929800  -0.700792  -0.529363  -0.342695  5.709535  5.937010  6.221534  6.473649  6.715533  6.868925  7.358263  7.520005  7.892061  8.110592
0.581917 0.000000  -2.038213  -1.792144  -1.659599  -1.538129  -1.389339  -1.144984  -0.940956  -0.722479  -0.547240  -0.355212  5.707262  5.939024  6.219112  6.461989  6.700127  6.857474  7.347269  7.500522  7.877231  8.094075
0.592702 0.000000  -2.043764  -1.795164  -1.655000  -1.542047  -1.366536  -1.131107  -0.952575  -0.743350  -0.564655  -0.368301  5.705009  5.940915  6.216018  6.450547  6.684918  6.846598  7.333011  7.482046  7.864197  8.077259
0.603487 0.000000  -2.049505  -1.799953  -1.650293  -1.544986  -1.341883  -1.120712  -0.963623  -0.763214  -0.581173  -0.381988  5.702824  5.942643  6.212173  6.439505  6.670148  6.836519  7.315569  7.464767  7.853040  8.060524
0.614272 0.000000  -2.055383  -1.805395  -1.645830  -1.547081  -1.316169  -1.114807  -0.972957  -0.781908  -0.596275  -0.396301  5.700754  5.944161  6.207534  6.429040  6.656042  6.827422  7.295242  7.448821  7.843625  8.044198
0.625056 0.000000  -2.061424  -1.810566  -1.642184  -1.548306  -1.290074  -1.113610  -0.979841  -0.799350  -0.609554  -0.411158  5.698832  5.945435  6.202119  6.419301  6.642796  6.819452  7.272548  7.434127  7.835816  8.028551
0.635841 0.000000  -2.067628  -1.814974  -1.639844  -1.548469  -1.264278  -1.116495  -0.984494  -0.815568  -0.620628  -0.426532  5.697096  5.946428  6.196007  6.410416  6.630564  6.812720  7.248058  7.420630  7.829340  8.013912
0.646626 0.000000  -2.073995  -1.818457  -1.638973  -1.547598  -1.239352  -1.121773  -0.987814  -0.830480  -0.629309  -0.442288  5.695562  5.947108  6.189346  6.402490  6.619449  6.807308  7.222453  7.408304  7.823925  8.000524
0.657411 0.000000  -2.080608  -1.821205  -1.639354  -1.545830  -1.216005  -1.127515  -0.991052  -0.844031  -0.635513  -0.458315  5.694239  5.947457  6.182345  6.395581  6.609489  6.803254  7.196330  7.397066  7.819380  7.988551
0.668196 0.000000  -2.087546  -1.823545  -1.640551  -1.543462  -1.195134  -1.131733  -0.995079  -0.856058  -0.639350  -0.474369  5.693132  5.947462  6.175259  6.389720  6.600692  6.800557  7.170344  7.386970  7.815407  7.978211
0.678980 0.000000  -2.094866  -1.825858  -1.642048  -1.540768  -1.178155  -1.132359  -1.000521  -0.866344  -0.641064  -0.490261  5.692234  5.947141  6.168353  6.384895  6.593019  6.799169  7.145059  7.378018  7.811870  7.969612
0.689765 0.000000  -2.102512  -1.828416  -1.643517  -1.537884  -1.166699  -1.127542  -1.007542  -0.874725  -0.641037  -0.505689  5.691526  5.946537  6.161896  6.381059  6.586425  6.798973  7.121113  7.370208  7.808605  7.962701
0.700550 0.000000  -2.110240  -1.831300  -1.644742  -1.534973  -1.160195  -1.118100  -1.015923  -0.881147  -0.639622  -0.520329  5.690990  5.945723  6.156111  6.378125  6.580869  6.799787  7.099113  7.363569  7.805639  7.957476
0.711335 0.000000  -2.117696  -1.834375  -1.645694  -1.532115  -1.155706  -1.107324  -1.025202  -0.885800  -0.637200  -0.533744  5.690604  5.944806  6.151188  6.375981  6.576316  6.801330  7.079712  7.358127  7.802999  7.953721
0.722120 0.000000  -2.124363  -1.837368  -1.646320  -1.529558  -1.151651  -1.097528  -1.034562  -0.888902  -0.634261  -0.545445  5.690337  5.943906  6.147256  6.374503  6.572760  6.803237  7.063581  7.353909  7.800768  7.951218
0.732904 0.000000  -2.129642  -1.839872  -1.646728  -1.527462  -1.147896  -1.089773  -1.043025  -0.890807  -0.631295  -0.554805  5.690168  5.943146  6.144404  6.373562  6.570202  6.805074  7.051404  7.350861  7.799054  7.949694
0.743689 0.000000  -2.133070  -1.841559  -1.646946  -1.526102  -1.145066  -1.084576  -1.049229  -0.891786  -0.628982  -0.561009  5.690079  5.942643  6.142677  6.373048  6.568659  6.806407  7.043796  7.349065  7.797992  7.948877
0.754474 0.000000  -2.134268  -1.842130  -1.647027  -1.525639  -1.144005  -1.082671  -1.051596  -0.892085  -0.628112  -0.563186  5.690049  5.942466  6.142100  6.372884  6.568142  6.806894  7.041206  7.348467  7.797611  7.948633
0.754474 0.000000  -2.133723  -1.843055  -1.646891  -1.524387  -1.148467  -1.084603  -1.049066  -0.891732  -0.629663  -0.559540  5.689796  5.943106  6.142886  6.373720  6.568240  6.807667  7.041325  7.350263  7.798537  7.949503
0.765236 0.000000  -2.132091  -1.845749  -1.646565  -1.520714  -1.160604  -1.090100  -1.042862  -0.890725  -0.633118  -0.549880  5.689085  5.944975  6.145229  6.376155  6.568572  6.810032  7.041704  7.355623  7.801285  7.952116
0.775999 0.000000  -2.129342  -1.850130  -1.646184  -1.514673  -1.177883  -1.098563  -1.034943  -0.889337  -0.636601  -0.536438  5.688057  5.947944  6.149079  6.379989  6.569247  6.814119  7.042389  7.364304  7.805856  7.956360
0.786761 0.000000  -2.125451  -1.856035  -1.645939  -1.506564  -1.198236  -1.109637  -1.026562  -0.887841  -0.638860  -0.520927  5.686911  5.951819  6.154345  6.384914  6.570455  6.820116  7.043456  7.376004  7.812142  7.962156
0.797523 0.000000  -2.120254  -1.863300  -1.645993  -1.496768  -1.220060  -1.122617  -1.018181  -0.886317  -0.639595  -0.504519  5.685877  5.956382  6.160902  6.390528  6.572444  6.828241  7.044982  7.390290  7.820033  7.969313
0.808286 0.000000  -2.113506  -1.871681  -1.646510  -1.485966  -1.242182  -1.136685  -1.010127  -0.884548  -0.638887  -0.487866  5.685173  5.961427  6.168590  6.396386  6.575506  6.838696  7.047050  7.406780  7.829394  7.977721
0.819048 0.000000  -2.104825  -1.881042  -1.647544  -1.474999  -1.263679  -1.150808  -1.002617  -0.881990  -0.637173  -0.471539  5.684985  5.966760  6.177218  6.402071  6.579927  6.851635  7.049731  7.424957  7.839979  7.987109
0.829810 0.000000  -2.093451  -1.891110  -1.649150  -1.464904  -1.283869  -1.163814  -0.995732  -0.877990  -0.634996  -0.455811  5.685456  5.972238  6.186568  6.407255  6.585952  6.867129  7.053086  7.444494  7.851489  7.997395
0.840572 0.000000  -2.078159  -1.901614  -1.651327  -1.456795  -1.302291  -1.174536  -0.989392  -0.871949  -0.632873  -0.440927  5.686656  5.977743  6.196402  6.411766  6.593723  6.885140  7.057178  7.464957  7.863462  8.008415
0.851335 0.000000  -2.057152  -1.912253  -1.654075  -1.451598  -1.318672  -1.182073  -0.983106  -0.863514  -0.631322  -0.426995  5.688601  5.983193  6.206462  6.415633  6.603258  6.905502  7.062093  7.486046  7.875435  8.020089
0.862097 0.000000  -2.029097  -1.922539  -1.657286  -1.449857  -1.332740  -1.186100  -0.976140  -0.852657  -0.630697  -0.414043  5.691251  5.988537  6.216470  6.419080  6.614455  6.927891  7.067962  7.507433  7.886891  8.032415
0.872859 0.000000  -1.996009  -1.931464  -1.660687  -1.451707  -1.344115  -1.186889  -0.967596  -0.839623  -0.631241  -0.402043  5.694506  5.993734  6.226125  6.422487  6.627144  6.951779  7.075026  7.528957  7.897285  8.045395
0.883622 0.000000  -1.966104  -1.933532  -1.663681  -1.456795  -1.352332  -1.185230  -0.956848  -0.824765  -0.632955  -0.390859  5.698237  5.998758  6.235104  6.426338  6.641111  6.976343  7.083745  7.550345  7.906156  8.059082
0.894384 0.000000  -1.960090  -1.910620  -1.664987  -1.464605  -1.357040  -1.181883  -0.943677  -0.808493  -0.635812  -0.380410  5.702283  6.003582  6.243055  6.431159  6.656154  7.000337  7.094950  7.571434  7.913258  8.073368
0.905146 0.000000  -1.963056  -1.878756  -1.662238  -1.474238  -1.358155  -1.177447  -0.928222  -0.791296  -0.639459  -0.370505  5.706473  6.008173  6.249643  6.437472  6.672094  7.022073  7.109881  7.592087  7.918483  8.088089
0.915909 0.000000  -1.954076  -1.851872  -1.652061  -1.484904  -1.355979  -1.172032  -0.911079  -0.773718  -0.643350  -0.360927  5.710645  6.012491  6.254585  6.445690  6.688793  7.039943  7.129685  7.612114  7.921911  8.103055
0.926671 0.000000  -1.935763  -1.833178  -1.631816  -1.495870  -1.350863  -1.165610  -0.892902  -0.756629  -0.646642  -0.351457  5.714650  6.016483  6.257695  6.456074  6.706159  7.053461  7.154371  7.631379  7.923789  8.117912
0.937433 0.000000  -1.920280  -1.820634  -1.602211  -1.506401  -1.343217  -1.157937  -0.874453  -0.741119  -0.648057  -0.341879  5.718370  6.020086  6.258930  6.468678  6.724148  7.063353  7.182806  7.649747  7.924360  8.132388
0.948195 0.000000  -1.911981  -1.808906  -1.567462  -1.515000  -1.333339  -1.148848  -0.856330  -0.728547  -0.646152  -0.331920  5.721711  6.023226  6.258370  6.483358  6.742755  7.070604  7.213500  7.667053  7.923952  8.146239
0.958958 0.000000  -1.911654  -1.794565  -1.541394  -1.510972  -1.321475  -1.138100  -0.838970  -0.719677  -0.640030  -0.321335  5.724629  6.025827  6.256182  6.499805  6.762021  7.075927  7.245391  7.683244  7.922755  8.159273
0.969720 0.000000  -1.916743  -1.778321  -1.541857  -1.478646  -1.307652  -1.125501  -0.822616  -0.713745  -0.630288  -0.309906  5.727099  6.027803  6.252582  6.517598  6.782004  7.079728  7.277664  7.698183  7.920932  8.171355
0.980482 0.000000  -1.924035  -1.762429  -1.546755  -1.441748  -1.291679  -1.110944  -0.807405  -0.708928  -0.618724  -0.297498  5.729132  6.029073  6.247801  6.536256  6.802785  7.082237  7.309827  7.711870  7.918510  8.182429
0.991245 0.000000  -1.931246  -1.749041  -1.549666  -1.408006  -1.272767  -1.094263  -0.793228  -0.703540  -0.606969  -0.284083  5.730756  6.029563  6.242065  6.555285  6.824418  7.083614  7.341419  7.724305  7.915435  8.192470
1.002007 0.000000  -1.937369  -1.739409  -1.549258  -1.380088  -1.249992  -1.075406  -0.779867  -0.696574  -0.596030  -0.269743  5.732011  6.029190  6.235591  6.574202  6.846911  7.084003  7.372140  7.735543  7.911544  8.201477
1.012769 0.000000  -1.942104  -1.733831  -1.545286  -1.359271  -1.222808  -1.054453  -0.767160  -0.687540  -0.586370  -0.254641  5.732947  6.027881  6.228598  6.592578  6.870165  7.083598  7.401664  7.745693  7.906646  8.209477
1.023532 0.000000  -1.945478  -1.731545  -1.538238  -1.345094  -1.191923  -1.031596  -0.755160  -0.676112  -0.578016  -0.239076  5.733608  6.025560  6.221297  6.610061  6.893912  7.082697  7.429828  7.754863  7.900469  8.216443
1.034294 0.000000  -1.947328  -1.731109  -1.529285  -1.335978  -1.158672  -1.007215  -0.744112  -0.662180  -0.570696  -0.223430  5.734033  6.022162  6.213890  6.626387  6.917624  7.081799  7.456331  7.763108  7.892877  8.222348
1.045056 0.000000  -1.946267  -1.730865  -1.519571  -1.330101  -1.124386  -0.981827  -0.734370  -0.645744  -0.563921  -0.207974  5.734250  6.017637  6.206573  6.641394  6.940356  7.081742  7.481039  7.770482  7.883707  8.226974
1.055818 0.000000  -1.938049  -1.729314  -1.510292  -1.325720  -1.090045  -0.956031  -0.726153  -0.627241  -0.556873  -0.193062  5.734275  6.011969  6.199515  6.655013  6.960579  7.083900  7.503651  7.777067  7.873040  8.230130
1.066581 0.000000  -1.919355  -1.725504  -1.502319  -1.321393  -1.056277  -0.930426  -0.719404  -0.607730  -0.548356  -0.178912  5.734098  6.005171  6.192843  6.667237  6.976209  7.090155  7.523950  7.782754  7.861013  8.231518
1.077343 0.000000  -1.895518  -1.719001  -1.496442  -1.315734  -1.023705  -0.905609  -0.713881  -0.589009  -0.536465  -0.165715  5.733692  5.997321  6.186639  6.678121  6.985526  7.102003  7.541665  7.787407  7.848170  8.230838
1.088105 0.000000  -1.871763  -1.710184  -1.493231  -1.307733  -0.992793  -0.882289  -0.709064  -0.572955  -0.519349  -0.153524  5.733018  5.988551  6.180927  6.687759  6.988577  7.119154  7.556413  7.790509  7.835435  8.227981
1.098868 0.000000  -1.849831  -1.700062  -1.493013  -1.296849  -0.964113  -0.861065  -0.704330  -0.559649  -0.496955  -0.142368  5.732003  5.979054  6.175683  6.696257  6.986952  7.139780  7.567787  7.790591  7.824931  8.222974
1.109630 0.000000  -1.829913  -1.689858  -1.495761  -1.283108  -0.938235  -0.842507  -0.698915  -0.547431  -0.470859  -0.132191  5.730566  5.969070  6.170826  6.703729  6.982397  7.161908  7.575461  7.785122  7.819897  8.216280
1.120392 0.000000  -1.811736  -1.680579  -1.501258  -1.267135  -0.915786  -0.826970  -0.692112  -0.534778  -0.442641  -0.122858  5.728607  5.958877  6.166252  6.710279  6.976174  7.184112  7.579107  7.774618  7.820469  8.208416
1.131155 0.000000  -1.795110  -1.672742  -1.509122  -1.249992  -0.897446  -0.814425  -0.683350  -0.520764  -0.413253  -0.114286  5.726024  5.948760  6.161836  6.715982  6.969129  7.205337  7.578672  7.762210  7.824115  8.199981
1.141917 0.000000  -1.780171  -1.666293  -1.519000  -1.232903  -0.883841  -0.804439  -0.672357  -0.504873  -0.383349  -0.106259  5.722721  5.939013  6.157449  6.720883  6.961885  7.224983  7.574400  7.749502  7.829421  8.191436
1.152679 0.000000  -1.767463  -1.660606  -1.530401  -1.217121  -0.875106  -0.796684  -0.659105  -0.487022  -0.353362  -0.098613  5.718626  5.929895  6.152973  6.724962  6.954955  7.242534  7.566862  7.737067  7.835789  8.183164
1.163441 0.000000  -1.757858  -1.654919  -1.542728  -1.203760  -0.870698  -0.791323  -0.643595  -0.467295  -0.323702  -0.091211  5.713706  5.921614  6.148309  6.728135  6.948830  7.257718  7.556685  7.725094  7.842782  8.175327
1.174204 0.000000  -1.752225  -1.648987  -1.554864  -1.193611  -0.869555  -0.788874  -0.625853  -0.445934  -0.294750  -0.083919  5.707989  5.914325  6.143392  6.730257  6.944013  7.270398  7.544495  7.713638  7.850047  8.168008
1.184966 0.000000  -1.750837  -1.644361  -1.564388  -1.187189  -0.870562  -0.789799  -0.606179  -0.423403  -0.266913  -0.076653  5.701556  5.908099  6.138181  6.731133  6.941012  7.280602  7.530808  7.702917  7.857149  8.161178
1.195728 0.000000  -1.753259  -1.645150  -1.567218  -1.184740  -0.872738  -0.794126  -0.585064  -0.400083  -0.240572  -0.069306  5.694558  5.902939  6.132690  6.730581  6.940291  7.288385  7.515869  7.693148  7.863761  8.154756
1.206491 0.000000  -1.758647  -1.654238  -1.560769  -1.186182  -0.875541  -0.801418  -0.563159  -0.376491  -0.216164  -0.061823  5.687186  5.898790  6.126962  6.728508  6.942201  7.293990  7.499896  7.684631  7.869530  8.148606
1.217253 0.000000  -1.766130  -1.669830  -1.547272  -1.191162  -0.878752  -0.810915  -0.541227  -0.353090  -0.194042  -0.054150  5.679670  5.895552  6.121082  6.724962  6.946898  7.297528  7.483134  7.677502  7.874238  8.142674
1.228015 0.000000  -1.775082  -1.688878  -1.529993  -1.199189  -0.882426  -0.821609  -0.519975  -0.330314  -0.174640  -0.046231  5.672245  5.893100  6.115174  6.720170  6.954310  7.299133  7.465909  7.671897  7.877857  8.136905
1.238778 0.000000  -1.785096  -1.709286  -1.510918  -1.209665  -0.887051  -0.832221  -0.500029  -0.308600  -0.158205  -0.038150  5.665137  5.891301  6.109381  6.714505  6.964133  7.298861  7.448848  7.667706  7.880306  8.131354
1.249540 0.000000  -1.795980  -1.729504  -1.491272  -1.221856  -0.893174  -0.841446  -0.481907  -0.288382  -0.144844  -0.030041  5.658557  5.890025  6.103874  6.708418  6.975866  7.296548  7.432658  7.664795  7.881748  8.126103
1.260302 0.000000  -1.807926  -1.748062  -1.471925  -1.235053  -0.901011  -0.848330  -0.465988  -0.270124  -0.134558  -0.022177  5.652688  5.889157  6.098826  6.702374  6.988835  7.292167  7.418263  7.662944  7.882319  8.121259
1.271064 0.000000  -1.821042  -1.763572  -1.453584  -1.248413  -0.909854  -0.852847  -0.452601  -0.254287  -0.127021  -0.014912  5.647684  5.888588  6.094410  6.696804  7.002174  7.285881  7.406399  7.661910  7.882292  8.117041
1.281827 0.000000  -1.834729  -1.775273  -1.437176  -1.261039  -0.918507  -0.855514  -0.441961  -0.241253  -0.121878  -0.008708  5.643668  5.888240  6.090785  6.692078  7.014805  7.278371  7.397501  7.661448  7.881911  8.113558
1.292589 0.000000  -1.847409  -1.783082  -1.423707  -1.271788  -0.925637  -0.857010  -0.434260  -0.231538  -0.118640  -0.003973  5.640737  5.888039  6.088091  6.688491  7.025426  7.271051  7.391515  7.661284  7.881394  8.110973
1.303351 0.000000  -1.856661  -1.787545  -1.414618  -1.279244  -0.930290  -0.857772  -0.429607  -0.225498  -0.116926  -0.001007  5.638949  5.887938  6.086431  6.686257  7.032618  7.265636  7.388140  7.661257  7.881013  8.109368
1.314114 0.000000  -1.860062  -1.788960  -1.411380  -1.281965  -0.931922  -0.857990  -0.428056  -0.223457  -0.116381  0.000000  5.638351  5.887908  6.085871  6.685498  7.035178  7.263623  7.387052  7.661284  7.880877  8.108824
1.314114 0.000000  -1.857695  -1.789014  -1.410700  -1.281584  -0.932875  -0.857228  -0.429362  -0.225933  -0.117089  -0.000762  5.638715  5.888648  6.086181  6.685326  7.035284  7.263405  7.388385  7.661774  7.880578  8.109613
1.324984 0.000000  -1.850756  -1.789205  -1.408795  -1.280495  -0.935569  -0.855106  -0.433335  -0.233307  -0.119266  -0.003075  5.639815  5.890841  6.087117  6.684829  7.035608  7.262806  7.392304  7.663298  7.879734  8.111871
1.335853 0.000000  -1.839763  -1.789586  -1.405829  -1.278590  -0.939759  -0.851976  -0.439866  -0.245280  -0.122939  -0.006912  5.641673  5.894387  6.088682  6.684034  7.036136  7.261854  7.398617  7.665910  7.878455  8.115246
1.346723 0.000000  -1.825640  -1.790021  -1.402183  -1.275761  -0.945092  -0.848330  -0.448927  -0.261498  -0.128218  -0.012218  5.644326  5.899135  6.090878  6.682997  7.036863  7.260657  7.406998  7.669638  7.876904  8.119327
1.357593 0.000000  -1.810674  -1.789232  -1.398346  -1.271951  -0.951351  -0.844629  -0.460356  -0.281498  -0.135130  -0.018939  5.647812  5.904896  6.093702  6.681778  7.037780  7.259296  7.417038  7.674591  7.875244  8.123490
1.368463 0.000000  -1.802484  -1.780497  -1.394809  -1.266999  -0.958399  -0.841310  -0.473961  -0.304763  -0.143701  -0.026993  5.652163  5.911462  6.097144  6.680450  7.038887  7.257881  7.428249  7.680904  7.873666  8.127164
1.379333 0.000000  -1.803055  -1.762729  -1.392169  -1.260876  -0.966263  -0.838834  -0.489471  -0.330695  -0.153851  -0.036299  5.657404  5.918613  6.101177  6.679071  7.040193  7.256466  7.440059  7.688740  7.872224  8.129776
1.390203 0.000000  -1.806293  -1.742865  -1.390809  -1.253665  -0.974997  -0.837609  -0.506424  -0.358668  -0.165552  -0.046748  5.663540  5.926153  6.105748  6.677697  7.041714  7.255160  7.451896  7.698183  7.870945  8.131001
1.401073 0.000000  -1.810566  -1.723137  -1.391054  -1.245692  -0.984875  -0.838044  -0.524329  -0.388029  -0.178722  -0.058204  5.670563  5.933906  6.110791  6.676369  7.043491  7.253963  7.463243  7.709285  7.869829  8.130701
1.411943 0.000000  -1.815436  -1.704470  -1.393040  -1.237366  -0.996358  -0.840412  -0.542533  -0.418097  -0.193225  -0.070585  5.678441  5.941737  6.116206  6.675101  7.045570  7.252902  7.473610  7.722019  7.868741  8.129123
1.422813 0.000000  -1.820797  -1.687463  -1.396741  -1.229339  -1.009991  -0.844793  -0.560465  -0.448111  -0.209008  -0.083728  5.687126  5.949549  6.121879  6.673895  7.048016  7.252004  7.482699  7.736060  7.867517  8.126783
1.433683 0.000000  -1.826511  -1.672524  -1.401992  -1.222318  -1.026535  -0.850861  -0.577744  -0.477227  -0.225960  -0.097524  5.696544  5.957291  6.127691  6.672722  7.050909  7.251187  7.490372  7.750890  7.865966  8.124388
1.444552 0.000000  -1.832634  -1.659953  -1.408605  -1.217202  -1.046617  -0.857854  -0.594669  -0.504356  -0.243974  -0.111783  5.706615  5.964948  6.133509  6.671539  7.054324  7.250371  7.496658  7.765557  7.864088  8.122810
1.455422 0.000000  -1.839164  -1.650075  -1.416197  -1.214998  -1.070454  -0.864847  -0.612275  -0.528111  -0.262913  -0.126450  5.717235  5.972534  6.139221  6.670287  7.058338  7.249446  7.501665  7.778673  7.862265  8.122892
1.466292 0.000000  -1.846158  -1.643272  -1.424278  -1.217257  -1.097120  -0.870942  -0.631948  -0.547132  -0.282695  -0.141334  5.728288  5.980096  6.144726  6.668902  7.063010  7.248330  7.505610  7.788006  7.861775  8.125395
1.477162 0.000000  -1.853641  -1.640061  -1.432305  -1.226345  -1.124086  -0.875732  -0.654397  -0.561064  -0.303185  -0.156382  5.739652  5.987691  6.149945  6.667329  7.068373  7.246834  7.508740  7.790972  7.864442  8.130701
1.488032 0.000000  -1.861695  -1.641014  -1.439734  -1.245175  -1.147542  -0.879296  -0.678996  -0.570860  -0.324165  -0.171511  5.751181  5.995386  6.154834  6.665517  7.074419  7.244820  7.511243  7.786373  7.871054  8.138919
1.498902 0.000000  -1.870239  -1.646592  -1.446564  -1.274155  -1.165311  -0.882072  -0.704466  -0.578125  -0.345498  -0.186586  5.762738  6.003253  6.159368  6.663443  7.081094  7.242208  7.513311  7.775462  7.880279  8.149831
1.509772 0.000000  -1.879246  -1.656905  -1.453829  -1.309230  -1.178917  -0.884875  -0.729527  -0.584220  -0.366913  -0.201634  5.774163  6.011367  6.163556  6.661111  7.088289  7.238888  7.514998  7.760115  7.890374  8.162946
1.520642 0.000000  -1.888579  -1.671626  -1.464632  -1.344033  -1.190427  -0.888793  -0.752928  -0.590234  -0.388138  -0.216545  5.785312  6.019784  6.167430  6.658551  7.095832  7.234861  7.516386  7.741829  7.900360  8.177640
1.531512 0.000000  -1.898103  -1.689994  -1.484306  -1.371625  -1.200658  -0.895024  -0.773445  -0.596982  -0.408927  -0.231348  5.796033  6.028537  6.171049  6.655822  7.103483  7.230153  7.517311  7.721638  7.909721  8.193232
1.542382 0.000000  -1.907682  -1.710973  -1.516115  -1.388469  -1.209420  -0.904684  -0.790044  -0.605091  -0.428927  -0.245987  5.806188  6.037623  6.174508  6.653008  7.110928  7.224929  7.517529  7.700441  7.918183  8.209069
1.553251 0.000000  -1.917042  -1.733586  -1.556714  -1.398156  -1.215815  -0.918072  -0.802480  -0.615023  -0.447866  -0.260518  5.815657  6.046975  6.177931  6.650211  7.117758  7.219487  7.516549  7.679216  7.925694  8.224579
1.564121 0.000000  -1.925668  -1.756824  -1.601068  -1.405856  -1.218890  -0.934480  -0.811514  -0.627023  -0.465526  -0.274913  5.824354  6.056458  6.181501  6.647536  7.123454  7.214180  7.513583  7.659053  7.932252  8.239246
1.574991 0.000000  -1.932308  -1.779953  -1.645531  -1.414455  -1.217992  -0.952575  -0.818398  -0.641200  -0.481771  -0.289253  5.832210  6.065849  6.185444  6.645100  7.127399  7.209582  7.507597  7.641312  7.937857  8.252607
1.585861 0.000000  -1.934185  -1.802647  -1.686483  -1.424850  -1.213012  -0.971079  -0.824384  -0.657391  -0.496682  -0.303620  5.839198  6.074823  6.190045  6.643002  7.128964  7.206262  7.497556  7.627162  7.942592  8.264362
1.596731 0.000000  -1.930185  -1.825151  -1.718075  -1.436550  -1.204522  -0.988929  -0.830316  -0.675350  -0.510342  -0.318042  5.845317  6.083008  6.195621  6.641340  7.127772  7.204602  7.483080  7.617230  7.946565  8.274185
1.607601 0.000000  -1.929804  -1.847899  -1.731191  -1.448550  -1.193311  -1.005256  -0.836711  -0.694588  -0.523023  -0.332654  5.850596  6.090015  6.202454  6.640178  7.123930  7.204412  7.464821  7.611026  7.949911  8.281940
1.618471 0.000000  -1.945015  -1.870130  -1.720279  -1.459680  -1.180223  -1.019406  -0.843840  -0.714670  -0.534968  -0.347566  5.855078  6.095558  6.210723  6.639563  7.117987  7.205146  7.444141  7.607434  7.952769  8.287518
1.629341 0.000000  -1.973559  -1.891328  -1.691463  -1.468850  -1.165991  -1.030753  -0.851813  -0.735105  -0.546424  -0.362831  5.858828  6.099514  6.220424  6.639514  7.110640  7.205990  7.422535  7.605284  7.955354  8.290947
1.640211 0.000000  -2.005804  -1.912335  -1.654347  -1.475190  -1.151243  -1.038726  -0.860575  -0.755323  -0.557608  -0.378505  5.861908  6.101950  6.231354  6.640007  7.102512  7.206099  7.401419  7.603679  7.957857  8.292362
1.651081 0.000000  -2.036118  -1.933206  -1.615762  -1.477775  -1.136467  -1.042862  -0.870017  -0.774752  -0.568764  -0.394641  5.864398  6.103065  6.243180  6.640994  7.094085  7.204820  7.381991  7.601964  7.960388  8.291927
1.661950 0.000000  -2.064199  -1.953314  -1.580633  -1.475380  -1.121855  -1.042970  -0.879949  -0.792792  -0.580057  -0.411185  5.866365  6.103131  6.255499  6.642396  7.085709  7.201473  7.365365  7.599760  7.963109  8.290022
1.672820 0.000000  -2.091900  -1.971682  -1.553149  -1.466346  -1.107433  -1.039297  -0.890235  -0.808684  -0.591730  -0.428002  5.867884  6.102426  6.267891  6.644099  7.077641  7.195813  7.352249  7.596876  7.966075  8.286920
1.683690 0.000000  -2.120580  -1.987491  -1.535517  -1.450401  -1.092957  -1.032576  -0.900602  -0.821609  -0.603948  -0.444818  5.869026  6.101210  6.279961  6.645977  7.070071  7.187949  7.342916  7.593311  7.969231  8.283056
1.694560 0.000000  -2.150404  -2.000417  -1.525585  -1.430972  -1.078481  -1.023977  -0.910888  -0.830616  -0.616846  -0.461308  5.869856  6.099713  6.291338  6.647895  7.063146  7.178561  7.337038  7.589175  7.972524  8.278784
1.705430 0.000000  -2.180554  -2.010594  -1.519843  -1.412224  -1.064576  -1.014481  -0.920793  -0.834915  -0.630561  -0.476900  5.870436  6.098124  6.301679  6.649724  7.056980  7.168656  7.333909  7.584740  7.975789  8.274457
1.716300 0.000000  -2.209533  -2.018294  -1.516224  -1.396332  -1.052385  -1.004929  -0.930018  -0.834072  -0.644982  -0.490995  5.870825  6.096611  6.310661  6.651351  7.051687  7.159214  7.332657  7.580332  7.978837  8.270403
1.727170 0.000000  -2.235411  -2.023873  -1.513857  -1.384033  -1.042970  -0.995814  -0.938371  -0.828548  -0.659703  -0.502859  5.871070  6.095299  6.317997  6.652684  7.047385  7.151133  7.332521  7.576332  7.981503  8.266947
1.738040 0.000000  -2.256010  -2.027628  -1.512333  -1.375407  -1.036794  -0.987678  -0.945528  -0.820112  -0.673527  -0.511839  5.871214  6.094290  6.323439  6.653672  7.044191  7.144986  7.332902  7.573148  7.983571  8.264280
1.748910 0.000000  -2.269343  -2.029805  -1.511462  -1.370292  -1.033474  -0.981392  -0.950970  -0.812167  -0.684112  -0.517472  5.871288  6.093656  6.326786  6.654271  7.042221  7.141165  7.333310  7.571080  7.984850  8.262620
1.759780 0.000000  -2.273969  -2.030539  -1.511190  -1.368604  -1.032467  -0.978834  -0.953229  -0.808820  -0.688221  -0.519376  5.871309  6.093441  6.327915  6.654475  7.041551  7.139870  7.333473  7.570345  7.985313  8.262049
1.759780 0.000000  -2.268363  -2.030240  -1.515217  -1.367026  -1.034562  -0.984195  -0.948848  -0.807024  -0.687513  -0.518016  5.870814  6.093419  6.326794  6.655062  7.042348  7.140798  7.332712  7.570971  7.986048  8.262239
1.770693 0.000000  -2.252635  -2.029315  -1.526592  -1.363026  -1.040658  -0.995542  -0.940140  -0.802017  -0.685336  -0.514043  5.869342  6.093365  6.323458  6.656818  7.044694  7.143538  7.330480  7.572821  7.988225  8.262784
1.781607 0.000000  -2.229452  -2.027600  -1.543762  -1.358047  -1.050508  -1.008440  -0.930752  -0.794588  -0.681826  -0.507540  5.866918  6.093329  6.318011  6.659696  7.048468  7.147976  7.326861  7.575923  7.991762  8.263627
1.792521 0.000000  -2.201642  -2.024825  -1.565095  -1.353666  -1.064059  -1.020494  -0.921800  -0.785527  -0.677064  -0.498723  5.863587  6.093381  6.310607  6.663647  7.053497  7.153826  7.322181  7.580304  7.996442  8.264579
1.803435 0.000000  -2.171846  -2.020498  -1.589177  -1.351135  -1.080739  -1.030317  -0.913936  -0.775459  -0.671187  -0.487866  5.859415  6.093599  6.301447  6.668589  7.059578  7.160684  7.316875  7.585910  8.002129  8.265450
1.814349 0.000000  -2.142649  -2.013832  -1.614728  -1.351462  -1.099107  -1.037773  -0.907596  -0.764738  -0.664248  -0.475267  5.854490  6.094064  6.290767  6.674426  7.066501  7.167758  7.311677  7.592713  8.008551  8.265940
1.825263 0.000000  -2.116662  -2.003872  -1.640470  -1.355434  -1.117474  -1.043270  -0.902861  -0.753636  -0.656357  -0.461308  5.848915  6.094848  6.278827  6.681057  7.074038  7.174044  7.307705  7.600549  8.015463  8.265750
1.836177 0.000000  -2.096254  -1.990185  -1.664769  -1.363543  -1.134535  -1.047079  -0.899650  -0.742507  -0.647513  -0.446315  5.842800  6.095991  6.265899  6.688371  7.081927  7.178235  7.306371  7.609284  8.022592  8.264552
1.847091 0.000000  -2.082267  -1.974240  -1.685640  -1.375897  -1.149474  -1.049474  -0.897691  -0.731649  -0.637663  -0.430669  5.836273  6.097506  6.252266  6.696254  7.089761  7.179269  7.308956  7.618699  8.029694  8.262022
1.858005 0.000000  -2.073859  -1.959655  -1.700606  -1.391979  -1.162127  -1.050617  -0.896602  -0.721418  -0.626833  -0.414614  5.829456  6.099373  6.238231  6.704586  7.096838  7.177173  7.316031  7.628577  8.036470  8.257994
1.868919 0.000000  -2.069968  -1.950267  -1.707381  -1.410836  -1.172767  -1.050671  -0.895895  -0.712112  -0.615050  -0.398451  5.822474  6.101509  6.224105  6.713259  7.101864  7.173500  7.327161  7.638726  8.042647  8.252443
1.879832 0.000000  -2.070022  -1.947573  -1.705531  -1.431054  -1.181828  -1.049746  -0.895160  -0.703867  -0.602370  -0.382342  5.815429  6.103781  6.210236  6.722157  7.102806  7.171133  7.341446  7.648985  8.047898  8.245613
1.890746 0.000000  -2.073886  -1.949913  -1.697205  -1.451108  -1.189801  -1.048004  -0.894072  -0.696683  -0.588955  -0.366532  5.808414  6.105963  6.197025  6.731169  7.097946  7.172602  7.357991  7.659162  8.051898  8.237858
1.901660 0.000000  -2.080635  -1.953913  -1.686293  -1.469394  -1.197094  -1.045501  -0.892358  -0.690452  -0.575023  -0.351131  5.801508  6.107697  6.184984  6.740184  7.087701  7.178099  7.376031  7.669148  8.054293  8.229722
1.912574 0.000000  -2.077342  -1.956716  -1.676606  -1.484360  -1.203924  -1.042317  -0.889909  -0.684983  -0.560792  -0.336301  5.794765  6.108464  6.174753  6.749074  7.073924  7.186208  7.395134  7.678835  8.054755  8.221777
1.923488 0.000000  -2.052145  -1.956226  -1.670864  -1.494864  -1.210481  -1.038345  -0.886779  -0.679948  -0.546451  -0.322151  5.788221  6.107615  6.167082  6.757705  7.058283  7.195595  7.414889  7.688250  8.052932  8.214566
1.934402 0.000000  -2.029097  -1.950185  -1.670048  -1.500796  -1.216958  -1.033583  -0.883187  -0.675132  -0.532138  -0.308790  5.781905  6.104685  6.162508  6.765906  7.041916  7.205364  7.435107  7.697339  8.048633  8.208525
1.945316 0.000000  -2.012934  -1.936389  -1.673286  -1.503272  -1.223570  -1.027868  -0.879405  -0.670289  -0.518043  -0.296246  5.775829  6.099836  6.160908  6.773487  7.025616  7.214942  7.455515  7.706183  8.041803  8.203899
1.956230 0.000000  -2.003219  -1.915736  -1.678701  -1.503979  -1.230536  -1.021174  -0.875786  -0.665173  -0.504274  -0.284654  5.770011  6.093816  6.161556  6.780211  7.010027  7.224031  7.475869  7.714890  8.032524  8.200715
1.967144 0.000000  -1.996444  -1.892144  -1.684252  -1.504279  -1.238182  -1.013583  -0.872575  -0.659785  -0.490886  -0.274042  5.764460  6.087446  6.163607  6.785814  6.995698  7.232385  7.495923  7.723625  8.021123  8.198838
1.978058 0.000000  -1.989723  -1.869260  -1.687980  -1.504959  -1.246726  -1.005174  -0.869990  -0.654071  -0.478016  -0.264464  5.759203  6.081313  6.166426  6.790029  6.983121  7.239840  7.515379  7.732523  8.007925  8.198021
1.988971 0.000000  -1.981750  -1.849885  -1.688062  -1.506265  -1.256305  -0.996304  -0.868167  -0.648193  -0.465798  -0.255919  5.754272  6.075757  6.169591  6.792641  6.972680  7.246344  7.533882  7.741856  7.993286  8.197994
1.999885 0.000000  -1.972362  -1.836144  -1.683136  -1.508061  -1.266890  -0.987297  -0.867051  -0.642316  -0.454315  -0.248436  5.749706  6.070946  6.172818  6.793572  6.964596  7.251895  7.551053  7.751870  7.977558  8.198511
2.010799 0.000000  -1.961750  -1.828987  -1.672851  -1.510102  -1.278346  -0.978562  -0.866589  -0.636710  -0.443757  -0.242042  5.745567  6.066935  6.175918  6.792943  6.958851  7.256494  7.566508  7.762754  7.961014  8.199355
2.021713 0.000000  -1.950294  -1.827872  -1.658510  -1.512170  -1.290264  -0.970453  -0.866589  -0.631595  -0.434342  -0.236681  5.741910  6.063705  6.178750  6.791107  6.955183  7.260221  7.579896  7.774700  7.943898  8.200307
2.032627 0.000000  -1.938376  -1.831273  -1.642320  -1.514102  -1.302101  -0.963351  -0.866861  -0.627159  -0.426233  -0.232355  5.738805  6.061207  6.181207  6.788565  6.953148  7.263133  7.590971  7.787761  7.926483  8.201287
2.043541 0.000000  -1.926484  -1.837559  -1.626592  -1.515762  -1.312985  -0.957555  -0.867269  -0.623540  -0.419675  -0.229035  5.736313  6.059370  6.183205  6.785882  6.952231  7.265310  7.599597  7.801829  7.909013  8.202157
2.054455 0.000000  -1.915382  -1.845151  -1.613395  -1.517149  -1.321965  -0.953256  -0.867677  -0.620901  -0.414832  -0.226695  5.734487  6.058121  6.184677  6.783569  6.951953  7.266779  7.605747  7.816550  7.891898  8.202811
2.065369 0.000000  -1.906539  -1.852035  -1.604524  -1.518102  -1.327951  -0.950644  -0.867949  -0.619295  -0.411866  -0.225307  5.733374  6.057397  6.185580  6.782018  6.951943  7.267650  7.609393  7.830754  7.876306  8.203246
2.076283 0.000000  -1.902892  -1.855056  -1.601395  -1.518455  -1.330046  -0.949746  -0.868031  -0.618751  -0.410886  -0.224844  5.733001  6.057161  6.185882  6.781474  6.951964  7.267949  7.610618  7.838673  7.867925  8.203382
2.076283 0.000000  -1.905369  -1.859328  -1.598946  -1.515843  -1.330536  -0.949800  -0.867868  -0.618343  -0.413172  -0.223838  5.733110  6.057329  6.186013  6.780734  6.951826  7.267460  7.610237  7.835952  7.871898  8.203545
2.086856 0.000000  -1.914239  -1.868797  -1.593776  -1.507680  -1.331598  -0.950099  -0.867459  -0.617173  -0.419648  -0.221144  5.733445  6.057849  6.186388  6.778391  6.951562  7.266072  7.609094  7.830237  7.881367  8.203981
2.097430 0.000000  -1.931736  -1.876661  -1.589912  -1.493966  -1.332305  -0.950943  -0.866970  -0.615404  -0.429308  -0.217470  5.734008  6.058755  6.186973  6.774113  6.951597  7.263977  7.607107  7.823952  7.893585  8.204688
2.108003 0.000000  -1.955736  -1.880090  -1.589775  -1.476333  -1.331135  -0.952875  -0.866589  -0.613445  -0.440791  -0.213661  5.734814  6.060088  6.187713  6.767463  6.952511  7.261392  7.604250  7.818020  7.907326  8.205695
2.118577 0.000000  -1.981369  -1.879382  -1.593803  -1.457584  -1.326482  -0.956766  -0.866235  -0.611839  -0.452655  -0.210450  5.735880  6.061906  6.188541  6.758061  6.954903  7.258562  7.600413  7.812741  7.921803  8.206974
2.129150 0.000000  -2.005396  -1.874566  -1.601503  -1.440169  -1.317230  -0.963705  -0.865528  -0.611350  -0.463512  -0.208463  5.737230  6.064249  6.189382  6.745743  6.959197  7.255704  7.595407  7.808414  7.936333  8.208552
2.139724 0.000000  -2.026811  -1.865369  -1.612252  -1.425067  -1.303271  -0.974671  -0.864004  -0.612765  -0.472192  -0.208055  5.738895  6.067142  6.190162  6.730641  6.965573  7.252956  7.589094  7.805339  7.950211  8.210430
2.150297 0.000000  -2.046430  -1.851926  -1.625259  -1.412033  -1.285665  -0.990372  -0.861419  -0.616683  -0.477988  -0.209497  5.740906  6.070581  6.190821  6.713152  6.973962  7.250371  7.581366  7.803788  7.962782  8.212579
2.160871 0.000000  -2.065315  -1.834729  -1.639708  -1.400360  -1.265883  -1.010916  -0.857800  -0.623214  -0.480982  -0.212899  5.743298  6.074524  6.191311  6.693838  6.984133  7.247949  7.572114  7.804006  7.973476  8.215055
2.171444 0.000000  -2.084118  -1.814729  -1.654674  -1.389475  -1.245257  -1.035923  -0.853419  -0.631948  -0.481798  -0.218259  5.746103  6.078891  6.191602  6.673321  6.995774  7.245691  7.561338  7.806183  7.981857  8.217804
2.182018 0.000000  -2.102975  -1.793069  -1.669177  -1.379135  -1.224713  -1.064630  -0.848766  -0.642397  -0.481526  -0.225416  5.749355  6.083555  6.191692  6.652222  7.008544  7.243541  7.549148  7.810292  7.987653  8.220715
2.192591 0.000000  -2.121587  -1.771518  -1.681749  -1.369448  -1.205311  -1.095597  -0.844303  -0.653989  -0.481118  -0.234205  5.753075  6.088347  6.191613  6.631109  7.022101  7.241446  7.535760  7.816115  7.990864  8.223709
2.203165 0.000000  -2.139492  -1.753776  -1.688960  -1.360713  -1.190019  -1.125093  -0.840466  -0.666452  -0.481499  -0.244328  5.757271  6.093052  6.191428  6.610472  7.036112  7.239378  7.521474  7.823163  7.991898  8.226538
2.213738 0.000000  -2.156009  -1.746783  -1.684334  -1.353421  -1.192767  -1.138182  -0.837636  -0.679486  -0.483376  -0.255375  5.761940  6.097433  6.191243  6.590727  7.050242  7.237364  7.506699  7.830618  7.991435  8.229042
2.224312 0.000000  -2.170104  -1.751218  -1.667545  -1.348387  -1.219869  -1.127052  -0.836194  -0.692955  -0.487431  -0.266994  5.767064  6.101237  6.191183  6.572205  7.064142  7.235405  7.491869  7.837312  7.990646  8.231028
2.234885 0.000000  -2.179873  -1.760361  -1.645939  -1.347407  -1.251733  -1.108848  -0.836412  -0.706670  -0.494043  -0.278749  5.772596  6.104244  6.191373  6.555149  7.077418  7.233609  7.477528  7.841802  7.990946  8.232334
2.245459 0.000000  -2.181696  -1.770538  -1.624034  -1.354400  -1.277829  -1.089175  -0.838398  -0.720384  -0.503540  -0.290260  5.778471  6.106312  6.191893  6.539729  7.089644  7.232085  7.464195  7.842618  7.993721  8.232933
2.256032 0.000000  -2.171819  -1.780470  -1.604524  -1.372904  -1.291815  -1.069583  -0.842208  -0.733826  -0.516002  -0.301253  5.784604  6.107422  6.192739  6.526039  7.100354  7.230942  7.452467  7.838891  7.999680  8.232879
2.266606 0.000000  -2.151900  -1.789640  -1.590510  -1.397258  -1.296033  -1.050970  -0.847432  -0.746751  -0.531349  -0.311648  5.790879  6.107686  6.193811  6.514107  7.109092  7.230262  7.442943  7.830727  8.008470  8.232362
2.277179 0.000000  -2.127166  -1.797858  -1.586592  -1.417258  -1.295788  -1.034535  -0.853119  -0.758996  -0.549172  -0.321444  5.797176  6.107343  6.194933  6.503900  7.115500  7.230044  7.436249  7.818972  8.018973  8.231681
2.287753 0.000000  -2.101179  -1.804987  -1.597177  -1.425720  -1.293584  -1.021719  -0.857772  -0.770697  -0.568955  -0.330750  5.803347  6.106693  6.195885  6.495345  7.119426  7.230126  7.432875  7.804605  8.029749  8.231219
2.298326 0.000000  -2.075982  -1.811028  -1.621531  -1.422319  -1.290155  -1.014018  -0.859514  -0.782099  -0.589934  -0.339702  5.809257  6.106037  6.196470  6.488327  7.120985  7.230262  7.433039  7.788605  8.039517  8.231355
2.308900 0.000000  -2.052689  -1.816089  -1.654592  -1.411734  -1.285747  -1.012059  -0.857255  -0.793446  -0.611241  -0.348410  5.814768  6.105642  6.196541  6.482700  7.120526  7.230208  7.436739  7.771707  8.047272  8.232362
2.319473 0.000000  -2.031981  -1.820307  -1.691980  -1.398210  -1.280550  -1.014671  -0.852276  -0.804412  -0.631839  -0.356899  5.819758  6.105700  6.196024  6.478300  7.118536  7.229827  7.443569  7.754509  8.052579  8.234348
2.330047 0.000000  -2.014131  -1.824035  -1.730946  -1.384169  -1.274890  -1.019270  -0.849718  -0.812058  -0.650642  -0.365117  5.824134  6.106301  6.194924  6.474953  7.115551  7.229119  7.452903  7.737530  8.055409  8.237096
2.340620 0.000000  -1.999138  -1.828062  -1.769586  -1.370999  -1.269420  -1.022862  -0.857582  -0.810725  -0.666751  -0.372900  5.827837  6.107425  6.193335  6.472479  7.112090  7.228249  7.463869  7.721230  8.056143  8.240253
2.351194 0.000000  -1.986730  -1.835572  -1.803736  -1.359353  -1.264958  -1.022834  -0.874670  -0.803269  -0.679459  -0.380002  5.830841  6.108946  6.191428  6.470719  7.108613  7.227296  7.475488  7.706101  8.055463  8.243409
2.361767 0.000000  -1.976253  -1.857967  -1.821096  -1.349638  -1.262128  -1.017528  -0.896303  -0.795133  -0.688656  -0.386124  5.833141  6.110633  6.189455  6.469516  7.105500  7.226453  7.486644  7.692822  8.054021  8.246212
2.372341 0.000000  -1.966648  -1.889477  -1.825940  -1.342237  -1.260958  -1.006399  -0.920031  -0.788629  -0.694561  -0.390832  5.834760  6.112187  6.187708  6.468749  7.103056  7.225772  7.496114  7.682155  8.052524  8.248362
2.382914 0.000000  -1.955845  -1.918294  -1.827845  -1.337530  -1.260822  -0.990263  -0.943977  -0.784548  -0.697744  -0.393852  5.835715  6.113291  6.186500  6.468327  7.101502  7.225364  7.502535  7.675135  8.051408  8.249722
2.393488 0.000000  -1.941260  -1.939899  -1.828416  -1.335897  -1.260903  -0.975324  -0.961501  -0.783187  -0.698724  -0.394859  5.836033  6.113691  6.186067  6.468194  7.100972  7.225201  7.504848  7.672659  8.051000  8.250158
2.393488 0.000000  -1.966294  -1.914539  -1.826402  -1.341938  -1.255053  -0.974943  -0.961093  -0.782670  -0.696139  -0.393553  5.836068  6.113329  6.185833  6.467698  7.099750  7.225963  7.504685  7.672386  8.051436  8.250811
2.404272 0.000000  -1.991247  -1.889586  -1.819736  -1.355951  -1.241257  -0.978426  -0.955215  -0.781173  -0.688602  -0.389662  5.836175  6.112257  6.185126  6.466229  7.096281  7.228004  7.504222  7.671570  8.052715  8.252607
2.415057 0.000000  -2.014975  -1.869287  -1.806375  -1.372006  -1.224141  -0.987514  -0.942399  -0.778616  -0.676656  -0.383294  5.836335  6.110489  6.183920  6.463826  7.091048  7.230779  7.503515  7.670373  8.054946  8.255273
2.425842 0.000000  -2.036417  -1.856851  -1.785368  -1.386264  -1.205801  -0.999433  -0.925773  -0.774670  -0.661173  -0.374587  5.836528  6.108059  6.182190  6.460561  7.084670  7.233582  7.502644  7.669067  8.058157  8.258348
2.436627 0.000000  -2.053342  -1.851328  -1.760606  -1.395843  -1.187243  -1.012249  -0.907759  -0.768520  -0.643050  -0.363702  5.836721  6.105006  6.179896  6.456523  7.077723  7.235704  7.501774  7.667869  8.062456  8.261233
2.447412 0.000000  -2.063437  -1.850484  -1.737259  -1.398237  -1.169502  -1.024222  -0.890262  -0.759269  -0.623105  -0.350831  5.836885  6.101376  6.176992  6.451826  7.070705  7.236521  7.501012  7.667080  8.067844  8.263301
2.458196 0.000000  -2.066893  -1.853069  -1.718756  -1.391843  -1.154209  -1.033120  -0.874562  -0.746289  -0.602071  -0.336219  5.836977  6.097215  6.173452  6.446602  7.064006  7.235677  7.500522  7.666835  8.074347  8.264008
2.468981 0.000000  -2.065097  -1.858348  -1.706211  -1.376741  -1.143678  -1.036059  -0.860902  -0.729581  -0.580519  -0.320029  5.836958  6.092567  6.169245  6.440993  7.057913  7.232874  7.500440  7.667325  8.081885  8.262838
2.479766 0.000000  -2.057941  -1.865641  -1.698864  -1.355053  -1.139569  -1.030780  -0.848493  -0.710017  -0.558914  -0.302477  5.836795  6.087468  6.164369  6.435140  7.052631  7.228140  7.500767  7.668604  8.090429  8.259409
2.490551 0.000000  -2.044226  -1.874103  -1.694973  -1.330291  -1.140304  -1.017773  -0.836140  -0.688792  -0.537689  -0.283811  5.836455  6.081947  6.158845  6.429189  7.048283  7.221663  7.501447  7.670699  8.099790  8.253532
2.501336 0.000000  -2.023600  -1.882566  -1.692796  -1.306645  -1.141828  -0.999514  -0.822507  -0.666942  -0.517172  -0.264300  5.835913  6.076020  6.152731  6.423268  7.044901  7.213772  7.502345  7.673611  8.109803  8.245232
2.512120 0.000000  -1.998185  -1.889369  -1.691082  -1.288414  -1.139869  -0.977991  -0.806616  -0.645309  -0.497608  -0.244273  5.835160  6.069680  6.146121  6.417491  7.042444  7.204956  7.503270  7.677284  8.120198  8.234783
2.522905 0.000000  -1.972934  -1.891409  -1.688960  -1.278618  -1.131842  -0.954263  -0.787758  -0.624492  -0.479159  -0.224028  5.834194  6.062907  6.139155  6.411951  7.040767  7.195813  7.503923  7.681665  8.130593  8.222675
2.533690 0.000000  -1.955655  -1.883301  -1.685885  -1.277203  -1.118100  -0.928820  -0.765663  -0.604901  -0.461961  -0.203946  5.833032  6.055667  6.132010  6.406721  7.039619  7.186969  7.504141  7.686754  8.140198  8.209777
2.544475 0.000000  -1.950104  -1.863464  -1.681368  -1.281774  -1.101066  -0.902045  -0.740302  -0.586751  -0.446043  -0.184436  5.831704  6.047917  6.124881  6.401842  7.038645  7.179160  7.503651  7.692468  8.147246  8.198157
2.555260 0.000000  -1.951165  -1.839055  -1.674864  -1.289883  -1.082889  -0.874371  -0.711949  -0.570288  -0.431376  -0.165878  5.830253  6.039628  6.117980  6.397344  7.037404  7.173092  7.502291  7.698808  8.147436  8.192171
2.566044 0.000000  -1.954430  -1.816171  -1.665857  -1.299869  -1.064658  -0.846344  -0.681091  -0.555567  -0.417961  -0.148626  5.828738  6.030801  6.111493  6.393230  7.035450  7.169446  7.499923  7.705747  8.138076  8.194756
2.576829 0.000000  -1.958321  -1.797640  -1.654075  -1.310863  -1.046671  -0.818507  -0.648465  -0.542669  -0.405689  -0.133007  5.827217  6.021495  6.105561  6.389499  7.032457  7.168656  7.496413  7.713230  8.123028  8.202157
2.587614 0.000000  -1.962267  -1.784361  -1.639735  -1.322427  -1.028930  -0.791241  -0.614914  -0.531458  -0.394478  -0.119320  5.825758  6.011819  6.100268  6.386142  7.028340  7.170915  7.491705  7.721257  8.105803  8.210974
2.598399 0.000000  -1.966185  -1.775872  -1.623626  -1.334319  -1.011569  -0.764874  -0.581717  -0.521526  -0.384247  -0.107783  5.824425  6.001949  6.095650  6.383140  7.023263  7.176031  7.485801  7.729747  8.087871  8.219899
2.609184 0.000000  -1.970049  -1.771191  -1.606728  -1.346400  -0.994698  -0.739622  -0.551349  -0.511186  -0.374940  -0.098477  5.823271  5.992096  6.091697  6.380479  7.017573  7.183568  7.478753  7.738645  8.069912  8.228389
2.619968 0.000000  -1.973886  -1.769286  -1.589857  -1.358591  -0.978616  -0.715731  -0.530043  -0.495023  -0.366478  -0.091511  5.822340  5.982510  6.088369  6.378147  7.011660  7.193037  7.470699  7.747815  8.052361  8.236144
2.630753 0.000000  -1.977668  -1.769232  -1.573531  -1.370754  -0.963678  -0.693336  -0.521091  -0.470505  -0.358777  -0.086776  5.821655  5.973443  6.085618  6.376136  7.005897  7.203813  7.461828  7.757094  8.035599  8.243056
2.641538 0.000000  -1.981369  -1.770293  -1.558156  -1.382781  -0.950290  -0.672765  -0.518370  -0.444410  -0.351838  -0.084055  5.821211  5.965160  6.083392  6.374435  7.000588  7.215214  7.452494  7.766237  8.020007  8.248988
2.652323 0.000000  -1.984852  -1.771899  -1.543925  -1.394373  -0.938780  -0.654316  -0.518587  -0.420764  -0.345525  -0.083075  5.820983  5.957922  6.081640  6.373045  6.995970  7.226561  7.443107  7.774890  8.006021  8.253913
2.663108 0.000000  -1.987927  -1.773586  -1.531272  -1.405122  -0.929501  -0.638479  -0.520465  -0.401389  -0.339838  -0.083293  5.820912  5.951974  6.080320  6.371962  6.992218  7.237038  7.434372  7.782564  7.994129  8.257777
2.673892 0.000000  -1.990376  -1.775055  -1.520823  -1.414292  -0.922698  -0.625962  -0.523077  -0.387349  -0.334967  -0.084136  5.820936  5.947541  6.079400  6.371186  6.989456  7.245636  7.427052  7.788741  7.984959  8.260552
2.684677 0.000000  -1.991954  -1.776035  -1.513612  -1.420768  -0.918535  -0.617744  -0.525363  -0.379022  -0.331457  -0.084980  5.820985  5.944798  6.078859  6.370721  6.987766  7.251405  7.422127  7.792768  7.979109  8.262239
2.695462 0.000000  -1.992498  -1.776361  -1.510972  -1.423135  -0.917147  -0.614833  -0.526288  -0.376301  -0.330151  -0.085306  5.821010  5.943870  6.078682  6.370566  6.987197  7.253419  7.420385  7.794183  7.977095  8.262784
2.695462 0.000000  -1.989696  -1.775790  -1.517340  -1.416387  -0.918616  -0.615322  -0.527404  -0.375784  -0.330913  -0.085170  5.820961  5.942012  6.079343  6.370944  6.986794  7.252113  7.421855  7.794918  7.975463  8.264906
2.706236 0.000000  -1.982240  -1.773994  -1.532496  -1.400060  -0.923024  -0.617009  -0.530424  -0.374451  -0.333090  -0.084762  5.820768  5.936741  6.081147  6.372063  6.985600  7.248385  7.426072  7.797122  7.970782  8.271001
2.717010 0.000000  -1.972444  -1.770756  -1.551190  -1.379353  -0.930235  -0.620547  -0.534506  -0.372845  -0.336355  -0.084164  5.820256  5.928853  6.083650  6.373864  6.983676  7.242779  7.432494  7.800632  7.963626  8.280226
2.727783 0.000000  -1.962729  -1.765885  -1.570646  -1.356795  -0.940086  -0.626833  -0.538451  -0.371920  -0.339974  -0.083402  5.819135  5.919413  6.086382  6.376269  6.981132  7.235895  7.440413  7.805095  7.954837  8.291029
2.738557 0.000000  -1.955002  -1.759327  -1.589476  -1.333529  -0.952358  -0.636656  -0.541308  -0.373090  -0.342804  -0.082613  5.816994  5.909571  6.089011  6.379170  6.978101  7.228330  7.449283  7.809829  7.945530  8.300525
2.749331 0.000000  -1.950430  -1.751518  -1.606537  -1.310074  -0.966807  -0.650316  -0.542778  -0.377389  -0.343729  -0.081905  5.813361  5.900422  6.091381  6.382449  6.974762  7.220548  7.458671  7.813639  7.937150  8.305478
2.760105 0.000000  -1.949423  -1.743790  -1.620442  -1.286699  -0.983215  -0.667486  -0.543404  -0.384464  -0.342859  -0.081334  5.807867  5.892831  6.093506  6.385986  6.971309  7.212874  7.468331  7.814918  7.931299  8.306457
2.770879 0.000000  -1.951791  -1.738293  -1.629259  -1.263624  -1.001256  -0.687568  -0.544247  -0.393036  -0.340981  -0.081089  5.800498  5.887220  6.095514  6.389676  6.967959  7.205582  7.478154  7.812033  7.929340  8.305614
2.781652 0.000000  -1.956906  -1.737368  -1.631000  -1.241067  -1.020630  -0.709908  -0.546587  -0.401798  -0.338614  -0.081198  5.791674  5.883500  6.097602  6.393437  6.964928  7.198888  7.488032  7.804496  7.931490  8.304226
2.792426 0.000000  -1.963981  -1.741558  -1.625585  -1.219298  -1.040875  -0.733935  -0.551839  -0.409607  -0.335947  -0.081823  5.782085  5.881255  6.099972  6.397206  6.962427  7.192929  7.497964  7.793013  7.936551  8.302865
2.803200 0.000000  -1.972199  -1.749069  -1.614918  -1.198971  -1.061175  -0.759187  -0.561091  -0.415702  -0.332899  -0.082994  5.772449  5.880025  6.102818  6.400961  6.960645  7.187895  7.507814  7.778836  7.942809  8.301886
2.813974 0.000000  -1.980743  -1.757504  -1.601476  -1.181610  -1.079732  -0.785228  -0.574860  -0.419947  -0.329280  -0.084871  5.763369  5.879451  6.106287  6.404710  6.959728  7.183922  7.517501  7.763190  7.948823  8.301478
2.824748 0.000000  -1.988743  -1.764878  -1.587027  -1.171325  -1.092250  -0.811677  -0.592819  -0.422968  -0.324872  -0.087429  5.755298  5.879315  6.110467  6.408501  6.959782  7.181146  7.526835  7.746999  7.953558  8.301450
2.835521 0.000000  -1.995002  -1.769749  -1.572769  -1.174100  -1.092413  -0.838099  -0.614234  -0.425662  -0.319403  -0.090803  5.748563  5.879527  6.115389  6.412406  6.960862  7.179622  7.535488  7.731081  7.956497  8.301450
2.846295 0.000000  -1.997070  -1.770865  -1.559544  -1.188332  -1.081556  -0.863949  -0.638180  -0.429009  -0.312790  -0.094939  5.743385  5.880077  6.121030  6.416539  6.962968  7.179486  7.543134  7.716196  7.957503  8.300797
2.857069 0.000000  -1.989206  -1.767246  -1.547952  -1.207107  -1.066644  -0.888412  -0.663731  -0.433635  -0.305035  -0.099892  5.739910  5.881018  6.127330  6.421023  6.966046  7.180738  7.549202  7.703271  7.956660  8.298729
2.867843 0.000000  -1.965804  -1.758048  -1.538456  -1.226100  -1.052521  -0.909936  -0.690017  -0.439920  -0.296273  -0.105633  5.738223  5.882428  6.134195  6.426003  6.970019  7.183405  7.553121  7.693148  7.954238  8.294620
2.878617 0.000000  -1.934294  -1.743055  -1.531054  -1.243026  -1.043406  -0.925582  -0.716139  -0.448056  -0.286750  -0.112109  5.738354  5.884387  6.141531  6.431625  6.974778  7.187459  7.554318  7.686754  7.950592  8.287954
2.889390 0.000000  -1.904634  -1.723300  -1.524986  -1.256495  -1.043732  -0.931705  -0.741064  -0.457988  -0.276709  -0.119320  5.740297  5.886972  6.149240  6.438025  6.980226  7.192793  7.552604  7.684550  7.946048  8.278648
2.900164 0.000000  -1.880661  -1.701749  -1.518401  -1.265665  -1.054481  -0.928222  -0.763377  -0.469689  -0.266396  -0.127184  5.744005  5.890235  6.157224  6.445317  6.986280  7.199296  7.548468  7.686346  7.940823  8.266784
2.910938 0.000000  -1.862783  -1.682511  -1.508578  -1.270427  -1.071787  -0.920603  -0.780901  -0.482941  -0.256001  -0.135674  5.749404  5.894210  6.165403  6.453592  6.992887  7.206779  7.542753  7.691543  7.935109  8.252688
2.921712 0.000000  -1.850321  -1.668361  -1.493693  -1.271162  -1.091651  -0.915460  -0.790371  -0.497553  -0.245688  -0.144681  5.756389  5.898904  6.173705  6.462893  7.000041  7.215078  7.536522  7.699298  7.929068  8.236824
2.932486 0.000000  -1.842103  -1.658891  -1.474809  -1.268495  -1.111515  -0.917392  -0.788983  -0.513199  -0.235566  -0.154150  5.764827  5.904295  6.182070  6.473228  7.007771  7.224031  7.530590  7.708876  7.922755  8.219600
2.943259 0.000000  -1.836280  -1.651517  -1.455217  -1.263162  -1.129637  -0.926453  -0.777663  -0.529553  -0.225715  -0.163973  5.774572  5.910346  6.190445  6.484550  7.016155  7.233446  7.525474  7.719706  7.916170  8.201450
2.954033 0.000000  -1.830430  -1.644170  -1.438401  -1.256060  -1.144712  -0.939487  -0.760030  -0.546125  -0.216300  -0.174014  5.785448  5.916994  6.198783  6.496776  7.025303  7.243296  7.521474  7.731271  7.909367  8.182838
2.964807 0.000000  -1.822293  -1.636170  -1.426646  -1.248713  -1.155297  -0.953637  -0.739323  -0.562343  -0.207810  -0.183701  5.797263  5.924161  6.207039  6.509772  7.035350  7.253500  7.518672  7.743108  7.902374  8.164144
2.975581 0.000000  -1.810865  -1.627789  -1.420768  -1.243162  -1.160168  -0.967161  -0.717690  -0.577417  -0.203620  -0.189497  5.809815  5.931761  6.215164  6.523372  7.046446  7.264085  7.516957  7.754781  7.895217  8.145858
2.986355 0.000000  -1.796470  -1.619680  -1.420360  -1.241230  -1.159080  -0.979161  -0.696847  -0.590370  -0.210259  -0.184844  5.822885  5.939691  6.223101  6.537378  7.058757  7.275079  7.516059  7.765829  7.888061  8.128416
2.997128 0.000000  -1.780171  -1.612469  -1.424224  -1.242890  -1.153556  -0.989283  -0.678642  -0.599567  -0.220545  -0.176790  5.836237  5.947859  6.230794  6.551579  7.072419  7.286534  7.515651  7.775707  7.881013  8.112334
3.007902 0.000000  -1.763409  -1.606592  -1.431027  -1.246862  -1.146018  -0.997610  -0.665581  -0.602642  -0.231348  -0.168273  5.849636  5.956172  6.238171  6.565750  7.087557  7.298398  7.515325  7.783816  7.874292  8.098184
3.018676 0.000000  -1.747790  -1.602265  -1.439435  -1.251760  -1.138182  -1.004739  -0.659404  -0.597907  -0.242096  -0.159701  5.862825  5.964542  6.245161  6.579669  7.104248  7.310671  7.514617  7.789530  7.868251  8.086538
3.029450 0.000000  -1.735055  -1.599653  -1.447952  -1.256686  -1.130862  -1.011378  -0.658016  -0.587703  -0.252573  -0.151212  5.875557  5.972899  6.251689  6.593111  7.122517  7.323215  7.513093  7.792088  7.863353  8.077912
3.040224 0.000000  -1.727001  -1.598973  -1.454564  -1.261012  -1.124304  -1.018208  -0.657962  -0.575730  -0.262532  -0.142912  5.887576  5.981174  6.257681  6.605868  7.142341  7.335868  7.510399  7.790890  7.860224  8.072660
3.050997 0.000000  -1.725286  -1.600769  -1.457040  -1.264577  -1.118535  -1.025610  -0.657527  -0.564193  -0.271783  -0.134912  5.898656  5.989296  6.263080  6.617743  7.163622  7.348358  7.506127  7.785748  7.859217  8.070864
3.061771 0.000000  -1.730892  -1.605313  -1.453503  -1.267570  -1.113610  -1.033555  -0.656248  -0.553934  -0.280164  -0.127293  5.908594  5.997174  6.267836  6.628556  7.186235  7.360412  7.500059  7.777203  7.860278  8.072307
3.072545 0.000000  -1.744007  -1.611816  -1.443734  -1.270482  -1.109746  -1.041664  -0.654370  -0.545254  -0.287566  -0.120273  5.917242  6.004671  6.271918  6.638156  7.209908  7.371623  7.492114  7.766346  7.862918  8.076470
3.083319 0.000000  -1.763790  -1.618918  -1.429040  -1.273910  -1.107243  -1.049175  -0.652248  -0.538179  -0.293852  -0.113960  5.924518  6.011609  6.275319  6.646415  7.234398  7.381446  7.482345  7.754455  7.866564  8.082647
3.094093 0.000000  -1.788525  -1.625367  -1.411299  -1.278509  -1.106345  -1.055243  -0.650234  -0.532601  -0.299022  -0.108545  5.930393  6.017767  6.278043  6.653242  7.259187  7.389174  7.471161  7.742781  7.870537  8.090048
3.104866 0.000000  -1.815572  -1.630592  -1.392387  -1.284740  -1.107080  -1.059324  -0.648520  -0.528356  -0.303049  -0.104164  5.934885  6.022899  6.280117  6.658584  7.283650  7.393691  7.459651  7.732441  7.874319  8.097667
3.115640 0.000000  -1.841477  -1.634347  -1.374156  -1.292604  -1.108767  -1.061528  -0.647295  -0.525417  -0.305879  -0.100926  5.938044  6.026769  6.281567  6.662407  7.306671  7.393474  7.449828  7.724332  7.877394  8.104388
3.126414 0.000000  -1.861314  -1.636606  -1.359271  -1.300740  -1.110345  -1.062481  -0.646561  -0.523648  -0.307593  -0.098966  5.939916  6.029179  6.282424  6.664701  7.325691  7.388385  7.443896  7.719217  7.879408  8.109041
3.137188 0.000000  -1.869042  -1.637340  -1.352822  -1.304849  -1.110998  -1.062698  -0.646343  -0.523077  -0.308165  -0.098286  5.940537  6.029996  6.282707  6.665465  7.334208  7.384385  7.442100  7.717448  7.880088  8.110728
I found 8 paths: 0.452500  0.754474  1.314114  1.759780  2.076283  2.393488  2.695462  3.137188  Ef=-0.162669, Emax=-0.162676, Emin=0.044533
Gap=5.638351

